interface/IONEXdata/COD0OPSFIN_20223530000_01D_01H_GIM.INX
     1.0            IONOSPHERE MAPS     GNSS                IONEX VERSION / TYPE
ADDNEQ2 V5.5        AIUB                23-DEC-22 23:23     PGM / RUN BY / DATE 
CODE'S GLOBAL IONOSPHERE MAPS FOR DAY 353, 2022             COMMENT             
Global ionosphere maps (GIM) are generated on a daily basis DESCRIPTION         
at CODE using data from about 300 GNSS sites of the IGS and DESCRIPTION         
other institutions. The vertical total electron content     DESCRIPTION         
(VTEC) is modeled in a solar-geomagnetic reference frame    DESCRIPTION         
using a spherical harmonics expansion up to degree and      DESCRIPTION         
order 15. Piece-wise linear functions are used for          DESCRIPTION         
representation in the time domain. The time spacing of      DESCRIPTION         
their vertices is 1 hour, conforming with the epochs of the DESCRIPTION         
VTEC maps.                                                  DESCRIPTION         
To convert line-of-sight TEC into vertical TEC, a modified  DESCRIPTION         
single-layer model mapping function approximating the JPL   DESCRIPTION         
extended slab model mapping function is adopted. The        DESCRIPTION         
mapping function is evaluated at geodetic satellite         DESCRIPTION         
elevation angles. For the computation of the ionospheric    DESCRIPTION         
pierce points, a spherical layer with a radius of 6821 km   DESCRIPTION         
is assumed, implying geocentric, not geodetic IONEX         DESCRIPTION         
latitudes.                                                  DESCRIPTION         
Instrumental biases with respect to each involved GNSS code DESCRIPTION         
observable are estimated as constant values for each        DESCRIPTION         
day. They are modeled with one set of bias parameters for   DESCRIPTION         
each satellite and each station in case of GPS and for each DESCRIPTION         
satellite-station link in case of GLONASS. The code bias    DESCRIPTION         
datum is defined by zero-mean conditions imposed on the     DESCRIPTION         
satellite bias estimates. In this file, just GPS C1W-C2W    DESCRIPTION         
satellite and station bias values are included. The         DESCRIPTION         
complete set of GNSS code bias results is provided in an    DESCRIPTION         
additional Bias-SINEX file as pseudo-absolute values        DESCRIPTION         
specific to each observable.                                DESCRIPTION         
Note: These GIM results correspond to the results for the   DESCRIPTION         
middle day of a 3-day combination analysis solving for 73   DESCRIPTION         
times 256, or 18688 VTEC parameters and 3 daily sets of     DESCRIPTION         
GNSS code bias parameters.                                  DESCRIPTION         
Contact address: code(at)aiub.unibe.ch                      DESCRIPTION         
Data archive:    ftp.aiub.unibe.ch/CODE/                    DESCRIPTION         
                 www.aiub.unibe.ch/download/CODE/           DESCRIPTION         
  2022    12    19     0     0     0                        EPOCH OF FIRST MAP  
  2022    12    20     0     0     0                        EPOCH OF LAST MAP   
  3600                                                      INTERVAL            
[...]
bshm cas1 ccj2 cedu chpg chpi chti chur ckis coco cord cpvg COMMENT             
cpxf crar cro1 daej darw dav1 dgar dhlg drao dubo ebre faa1 COMMENT             
fair flin flrs frdn ftna func ganp glps gode godz gol2 gold COMMENT             
gope gras graz guam harb hers hert hlfx hnlc hob2 hofn holb COMMENT             
hrao hyde iddr ieng iisc invk iqal irkj joz2 joze karr kerg COMMENT             
kir0 kiri kiru kit3 kokb kokv koug kour krgg lae1 laut lmmf COMMENT             
lpal lpgs m0se mac1 madr mal2 mana mas1 mat1 mate maw1 mcm4 COMMENT             
mdo1 mdvj medi mets mgue mizu mkea mobs monp morp mqzg mro1 COMMENT             
mtka nano nico nist nium nklg nlib nnor not1 nrc1 ntus nya1 COMMENT             
nyal ohi2 onsa opmt ous2 pado parc park pdel penc pert pie1 COMMENT             
pimo pohn pol2 polv pots pove prds ptag ptbb ptvl qaq1 quin COMMENT             
ramo reun reyk rgdg rio2 riop roth salu samo sant savo sch2 COMMENT             
scor scrz sctb scub seyg smst sofi spt0 ssia sthl stjo stk2 COMMENT             
str2 suth sutm suwn sydn syog tabl tabv tash thtg thti thu2 COMMENT             
tid1 tidb tlse tn22 tong tow2 tro1 tsea tskb tuva twtf txes COMMENT             
uclu ufpr ulab unb3 unbj unsa urum usn7 usud vald vill voim COMMENT             
vtsp wab1 wab2 wark wgtn whit will wind wsrt wtza wtzl wtzr COMMENT             
wtzs wtzz wuhn xmis yar2 yar3 yarr yell ykro zamb zeck zim2 COMMENT             
zim3 zimm                                                   COMMENT             
                                                            END OF HEADER       
[from data line 9438]
    23                                                      START OF TEC MAP    
  2022    12    19    22     0     0                        EPOCH OF CURRENT MAP
    87.5-180.0 180.0   5.0 450.0                            LAT/LON1/LON2/DLON/H
   64   65   67   68   70   71   73   74   76   77   78   80   81   82   83   84
   84   85   85   86   86   86   85   85   85   84   83   82   81   80   79   78
   77   76   75   73   72   71   70   68   67   66   65   64   63   62   61   61
   60   59   59   58   58   58   57   57   57   57   57   57   57   57   57   57
   58   58   59   59   60   61   62   63   64
    85.0-180.0 180.0   5.0 450.0                            LAT/LON1/LON2/DLON/H
   50   52   55   58   61   64   67   71   74   78   81   84   86   89   91   92
   94   95   95   96   96   95   95   94   93   92   90   88   87   85   83   80
   78   76   73   71   69   66   64   62   60   58   56   55   53   52   51   50
   49   48   48   47   47   46   46   45   45   44   44   44   43   43   43   42
   42   42   43   43   44   45   46   48   50
    82.5-180.0 180.0   5.0 450.0                            LAT/LON1/LON2/DLON/H
   33   35   39   43   48   53   58   64   69   75   80   84   88   92   94   96
   97   98   99   99   98   98   97   96   95   93   91   90   88   85   83   80
   78   75   72   69   66   63   60   57   54   51   49   47   45   44   43   42
   41   41   40   40   40   40   39   39   38   37   36   35   34   32   31   30
   29   28   27   27   27   28   29   30   33
    80.0-180.0 180.0   5.0 450.0                            LAT/LON1/LON2/DLON/H
   18   21   25   29   35   42   49   57   64   72   78   84   88   92   94   95
   95   95   94   93   92   91   91   90   90   89   88   87   86   84   83   80
   78   75   72   69   66   62   59   56   52   49   47   44   42   41   40   39
   38   38   39   39   39   39   38   38   37   35   33   31   29   27   25   22
   20   19   17   16   15   15   15   16   18
    77.5-180.0 180.0   5.0 450.0                            LAT/LON1/LON2/DLON/H
   13   15   18   23   29   36   45   54   64   73   80   86   90   92   92   90
   87   85   82   80   78   78   78   79   81   82   83   83   83   83   82   81
   79   77   75   72   69   66   63   59   56   53   49   47   44   43   42   41
   41   41   42   42   43   43   42   41   40   38   35   32   29   26   23   21
   18   16   15   14   13   12   12   12   13
    75.0-180.0 180.0   5.0 450.0                            LAT/LON1/LON2/DLON/H
   22   23   24   28   33   40   50   60   71   81   89   95   97   95   91   85
   78   71   65   62   60   61   63   66   70   73   76   79   80   81   81   81
   80   79   77   76   74   71   69   66   62   59   56   53   50   48   47   47
   47   48   48   49   50   50   49   47   45   42   39   35   32   28   25   23
   22   21   21   21   22   22   22   22   22
    72.5-180.0 180.0   5.0 450.0                            LAT/LON1/LON2/DLON/H
   45   44   44   45   48   54   63   75   87   98  107  111  110  104   94   82
   69   58   49   44   43   44   49   54   60   66   71   74   76   78   78   78
   78   78   77   76   76   74   73   71   68   65   62   59   56   55   53   53
   53   54   55   56   56   56   55   52   49   46   42   38   34   31   29   29
   29   31   34   37   41   43   45   46   45
    70.0-180.0 180.0   5.0 450.0                            LAT/LON1/LON2/DLON/H
   78   76   73   71   71   75   84   96  109  122  131  134  130  120  104   85
   66   50   38   32   31   34   40   48   55   61   65   69   70   71   71   71
   71   71   71   71   72   72   71   71   69   67   65   62   60   58   57   57
   57   58   59   60   60   59   57   54   51   46   42   38   35   33   32   33
   36   41   48   56   64   71   76   78   78
    67.5-180.0 180.0   5.0 450.0                            LAT/LON1/LON2/DLON/H
  113  111  106  100   97   99  106  119  134  148  159  162  156  141  120   96
   72   52   38   31   31   34   41   47   53   57   60   61   62   61   60   60
   59   59   59   60   61   62   63   64   64   63   62   60   59   57   57   57
   57   58   59   59   58   57   54   51   47   43   39   35   33   31   32   34
   40   48   58   71   84   96  106  112  113
    65.0-180.0 180.0   5.0 450.0                            LAT/LON1/LON2/DLON/H
  143  141  135  128  122  120  126  138  155  172  185  189  183  167  142  114
   87   66   51   44   44   46   50   53   55   55   54   53   51   50   48   47
   45   44   44   44   46   48   50   52   53   54   54   54   53   52   52   52
   52   53   53   52   51   49   45   42   38   34   31   29   27   27   28   32
   38   48   61   77   95  113  128  138  143
    62.5-180.0 180.0   5.0 450.0                            LAT/LON1/LON2/DLON/H
  162  163  157  148  140  136  140  152  170  189  205  212  208  192  167  139
  113   91   78   71   69   69   67   64   58   52   47   43   41   39   38   37
   35   33   31   31   31   33   35   38   41   43   44   45   45   45   45   44
   44   44   44   42   40   37   33   29   26   23   21   20   20   21   22   26
   32   42   56   74   95  117  137  153  162
    60.0-180.0 180.0   5.0 450.0                            LAT/LON1/LON2/DLON/H
  168  173  170  162  153  147  150  161  178  199  217  227  226  213  192  167
  144  126  115  108  104   98   88   76   61   49   39   35   34   35   35   35
   32   29   26   24   23   24   26   29   32   35   37   39   39   39   38   37
   37   36   35   33   30   26   22   18   14   13   12   12   13   14   16   19
   24   33   45   63   85  110  134  155  168
    57.5-180.0 180.0   5.0 450.0                            LAT/LON1/LON2/DLON/H
  166  175  176  171  163  157  158  167  183  203  221  234  237  229  213  194
  177  164  155  149  141  129  110   87   64   46   34   31   33   38   42   43
   40   36   31   27   25   25   26   28   31   34   36   38   38   38   36   35
   33   32   31   29   25   21   15   11    7    6    6    7    8   10   12   14
   18   24   35   51   72   97  124  148  166
    55.0-180.0 180.0   5.0 450.0                            LAT/LON1/LON2/DLON/H
  161  175  180  180  175  171  171  177  189  205  221  234  240  238  229  217
  206  198  193  187  175  156  128   97   67   45   34   34   41   50   57   59
   56   50   43   39   36   35   36   37   39   42   44   45   45   43   41   39
   37   36   35   33   30   24   18   13    8    6    6    7    8    9   10   12
   16   21   30   44   63   87  114  140  161
    52.5-180.0 180.0   5.0 450.0                            LAT/LON1/LON2/DLON/H
  160  177  187  192  193  192  192  194  200  210  221  232  239  241  238  233
  228  225  222  216  201  176  143  105   72   49   41   45   56   68   76   78
   73   66   59   55   53   53   53   54   56   57   58   59   58   56   53   51
   49   49   49   48   45   40   33   25   20   16   14   12   12   12   14   16
   20   26   34   47   64   87  112  138  160
    50.0-180.0 180.0   5.0 450.0                            LAT/LON1/LON2/DLON/H
  168  185  199  210  217  221  222  221  220  221  225  231  236  240  242  241
  241  241  239  233  217  190  153  114   81   60   54   61   74   86   92   91
   84   76   70   68   69   71   73   74   75   76   77   77   76   74   71   69
   69   70   72   73   71   65   57   48   40   34   29   25   22   20   21   25
   30   38   48   61   79  100  123  147  168
    47.5-180.0 180.0   5.0 450.0                            LAT/LON1/LON2/DLON/H
  184  200  215  230  244  254  257  254  247  239  234  233  236  240  243  245
  246  246  245  239  224  197  163  126   95   76   72   78   89   97   99   93
   84   75   72   74   80   86   90   92   93   94   94   95   95   94   92   91
   93   96  100  103  102   96   88   77   68   59   51   43   36   32   32   37
   45   56   70   86  105  126  147  166  184
    45.0-180.0 180.0   5.0 450.0                            LAT/LON1/LON2/DLON/H
  206  217  230  247  266  282  289  286  275  260  247  241  240  242  245  246
  246  246  245  239  226  203  173  140  112   95   90   92   97   98   92   81
   70   63   64   71   82   92   99  103  105  106  107  109  110  111  112  113
  117  122  128  132  132  127  118  107   96   86   75   64   53   46   45   51
   61   76   94  114  136  158  178  194  206
    42.5-180.0 180.0   5.0 450.0                            LAT/LON1/LON2/DLON/H
  228  232  240  256  278  298  310  309  297  279  262  252  248  248  249  248
  246  245  243  239  230  211  185  156  130  112  103  100   97   89   76   62
   50   45   51   64   80   93  102  106  109  111  114  118  121  124  127  131
  136  143  150  154  155  150  141  131  120  110   98   85   72   63   60   65
   77   94  115  139  166  191  211  222  228
    40.0-180.0 180.0   5.0 450.0                            LAT/LON1/LON2/DLON/H
  245  241  243  254  275  297  313  316  306  290  274  263  259  258  257  255
  251  248  247  245  238  222  199  170  144  123  110  100   90   77   61   45
   35   35   45   62   79   93  102  105  108  111  116  121  126  131  136  142
  148  155  161  164  164  160  152  143  135  126  116  103   89   79   75   80
   91  108  130  157  187  216  237  246  245
    37.5-180.0 180.0   5.0 450.0                            LAT/LON1/LON2/DLON/H
  257  245  239  243  259  280  297  304  301  291  280  273  270  270  269  265
  262  260  260  259  253  237  211  180  150  125  108   96   85   72   58   47
   41   45   57   74   90  100  104  105  106  109  115  121  127  133  139  145
  151  156  160  161  159  155  148  141  137  132  125  115  103   94   90   94
  103  118  138  166  199  231  255  263  257
    35.0-180.0 180.0   5.0 450.0                            LAT/LON1/LON2/DLON/H
  265  249  235  231  239  253  269  279  283  282  280  280  281  282  282  280
  278  278  281  281  272  252  219  181  146  120  104   96   91   87   82   78
   79   85   97  109  117  119  115  110  108  111  116  121  126  131  137  142
  146  148  148  145  141  136  131  127  126  127  125  120  112  105  104  108
  116  127  143  169  202  237  263  272  265
    32.5-180.0 180.0   5.0 450.0                            LAT/LON1/LON2/DLON/H
  276  259  241  229  226  231  241  252  263  272  279  285  291  294  295  295
  297  301  306  305  292  263  221  175  135  111  103  107  118  128  137  144
  150  156  162  165  162  151  137  125  118  118  122  125  127  129  132  135
  136  134  129  123  116  110  105  104  108  113  116  116  113  112  116  123
  130  137  149  171  203  239  268  281  276
    30.0-180.0 180.0   5.0 450.0                            LAT/LON1/LON2/DLON/H
  295  284  266  247  233  226  228  237  252  268  283  294  301  305  307  309
  314  322  329  326  306  267  215  163  123  106  113  137  168  198  222  237
  246  248  245  235  218  194  168  147  136  133  134  134  131  127  126  126
  124  118  109   99   89   82   78   79   85   94  101  105  108  114  124  137
  146  152  160  177  207  244  276  294  295
    27.5-180.0 180.0   5.0 450.0                            LAT/LON1/LON2/DLON/H
  329  328  315  294  271  251  242  246  261  281  298  311  316  318  318  320
  327  337  343  337  310  264  206  152  119  116  142  188  240  287  322  341
  347  341  325  302  272  237  202  174  158  153  151  146  138  128  122  119
  114  106   94   80   69   61   57   59   66   76   84   91   98  111  129  149
  164  172  179  193  220  256  291  317  329
    25.0-180.0 180.0   5.0 450.0                            LAT/LON1/LON2/DLON/H
  377  390  387  369  339  309  289  286  298  316  332  340  340  334  329  329
  334  342  346  336  305  256  199  152  131  145  191  256  324  379  416  432
  429  411  384  351  312  270  229  198  180  173  169  161  147  132  121  115
  109   99   86   71   59   50   46   48   54   63   70   76   86  103  130  159
  182  195  204  218  243  278  316  351  377
    22.5-180.0 180.0   5.0 450.0                            LAT/LON1/LON2/DLON/H
  434  463  474  461  429  392  365  356  363  375  384  383  373  359  346  338
  337  340  339  325  294  249  203  170  166  198  258  333  402  454  482  486
  470  441  405  366  326  285  245  214  196  189  184  174  157  137  123  114
  108  100   87   73   60   51   47   48   53   58   62   65   74   95  128  166
  198  219  232  248  272  307  349  393  434
    20.0-180.0 180.0   5.0 450.0                            LAT/LON1/LON2/DLON/H
  491  536  561  556  526  488  457  445  446  452  450  439  418  393  370  352
  342  336  327  311  284  252  224  212  226  270  334  403  460  495  503  489
  460  422  383  347  313  279  246  220  204  198  195  185  166  144  128  118
  113  106   95   83   71   62   58   58   61   63   62   60   66   87  124  169
  209  239  259  278  304  339  384  437  491
    17.5-180.0 180.0   5.0 450.0                            LAT/LON1/LON2/DLON/H
  538  596  632  635  610  575  548  536  534  533  523  501  471  437  404  376
  354  337  321  304  286  272  267  277  307  353  408  456  486  491  475  443
  403  362  327  300  279  258  236  217  205  201  199  191  174  152  135  126
  122  117  109   98   87   79   76   76   77   75   69   63   65   84  122  170
  216  252  279  303  330  367  414  473  538
    15.0-180.0 180.0   5.0 450.0                            LAT/LON1/LON2/DLON/H
  568  633  675  683  665  637  618  612  612  606  589  561  526  488  449  411
  378  351  328  312  306  312  330  360  397  435  466  481  474  447  407  361
  318  283  259  246  240  235  224  212  203  200  200  194  180  161  146  137
  134  130  123  113  104   97   95   95   96   91   82   71   70   87  124  172
  219  259  290  318  348  385  434  497  568
    12.5-180.0 180.0   5.0 450.0                            LAT/LON1/LON2/DLON/H
  577  643  684  695  682  664  656  660  665  659  640  612  578  540  499  457
  417  382  356  343  347  371  408  450  484  503  502  477  433  377  321  272
  237  214  205  207  215  222  220  212  203  200  200  197  187  172  159  152
  148  144  137  127  118  113  112  113  112  107   96   84   82   97  130  175
  221  261  294  323  355  393  442  506  577
    10.0-180.0 180.0   5.0 450.0                            LAT/LON1/LON2/DLON/H
  569  628  664  672  662  655  661  676  688  686  670  646  619  588  551  509
  467  429  403  394  407  442  490  533  555  549  512  451  377  304  245  207
  188  184  190  203  219  231  232  223  211  204  202  201  195  185  175  168
  163  157  148  137  128  124  123  125  125  119  108   98   97  112  142  182
  223  260  292  322  354  392  441  502  569
     7.5-180.0 180.0   5.0 450.0                            LAT/LON1/LON2/DLON/H
  550  599  625  627  619  620  638  666  686  689  679  663  647  626  597  561
  522  488  465  461  478  517  563  597  602  568  501  415  327  253  206  189
  194  209  227  244  259  267  263  249  230  216  209  208  205  200  194  187
  180  169  157  144  134  130  130  132  131  125  116  110  113  130  158  193
  228  260  290  319  351  388  435  491  550
     5.0-180.0 180.0   5.0 450.0                            LAT/LON1/LON2/DLON/H
  529  567  582  578  570  577  604  641  668  677  673  667  662  653  634  606
  575  549  533  531  549  582  618  636  620  565  480  385  299  241  219  230
  259  290  313  325  329  324  309  284  256  234  221  217  217  216  213  207
  196  182  165  149  138  133  133  133  131  125  119  118  127  147  176  207
  237  264  291  319  350  386  429  479  529
     2.5-180.0 180.0   5.0 450.0                            LAT/LON1/LON2/DLON/H
  515  544  552  543  534  545  578  618  649  661  663  665  669  669  658  638
  617  601  593  595  608  629  649  649  616  548  460  373  307  276  283  321
  370  409  428  427  411  388  358  323  286  255  236  229  229  231  231  225
  212  193  172  154  142  136  134  132  127  120  117  122  137  163  192  221
  247  271  296  323  354  388  428  473  515
