interface/IONEXdata/COD0OPSFIN_20240340000_01D_01H_GIM.INX
     1.0            IONOSPHERE MAPS     GNSS                IONEX VERSION / TYPE
ADDNEQ2 V5.5        AIUB                07-FEB-24 21:34     PGM / RUN BY / DATE 
CODE'S GLOBAL IONOSPHERE MAPS FOR DAY 034, 2024             COMMENT             
Global ionosphere maps (GIM) are generated on a daily basis DESCRIPTION         
at CODE using data from about 300 GNSS sites of the IGS and DESCRIPTION         
other institutions. The vertical total electron content     DESCRIPTION         
(VTEC) is modeled in a solar-geomagnetic reference frame    DESCRIPTION         
using a spherical harmonics expansion up to degree and      DESCRIPTION         
order 15. Piece-wise linear functions are used for          DESCRIPTION         
representation in the time domain. The time spacing of      DESCRIPTION         
their vertices is 1 hour, conforming with the epochs of the DESCRIPTION         
VTEC maps.                                                  DESCRIPTION         
To convert line-of-sight TEC into vertical TEC, a modified  DESCRIPTION         
single-layer model mapping function approximating the JPL   DESCRIPTION         
extended slab model mapping function is adopted. The        DESCRIPTION         
mapping function is evaluated at geodetic satellite         DESCRIPTION         
elevation angles. For the computation of the ionospheric    DESCRIPTION         
pierce points, a spherical layer with a radius of 6821 km   DESCRIPTION         
is assumed, implying geocentric, not geodetic IONEX         DESCRIPTION         
latitudes.                                                  DESCRIPTION         
Instrumental biases with respect to each involved GNSS code DESCRIPTION         
observable are estimated as constant values for each        DESCRIPTION         
day. They are modeled with one set of bias parameters for   DESCRIPTION         
each satellite and each station in case of GPS and for each DESCRIPTION         
satellite-station link in case of GLONASS. The code bias    DESCRIPTION         
datum is defined by zero-mean conditions imposed on the     DESCRIPTION         
satellite bias estimates. In this file, just GPS C1W-C2W    DESCRIPTION         
satellite and station bias values are included. The         DESCRIPTION         
complete set of GNSS code bias results is provided in an    DESCRIPTION         
additional Bias-SINEX file as pseudo-absolute values        DESCRIPTION         
specific to each observable.                                DESCRIPTION         
Note: These GIM results correspond to the results for the   DESCRIPTION         
middle day of a 3-day combination analysis solving for 73   DESCRIPTION         
times 256, or 18688 VTEC parameters and 3 daily sets of     DESCRIPTION         
GNSS code bias parameters.                                  DESCRIPTION         
Contact address: code(at)aiub.unibe.ch                      DESCRIPTION         
Data archive:    ftp.aiub.unibe.ch/CODE/                    DESCRIPTION         
                 www.aiub.unibe.ch/download/CODE/           DESCRIPTION         
  2024     2     3     0     0     0                        EPOCH OF FIRST MAP  
  2024     2     4     0     0     0                        EPOCH OF LAST MAP   
  3600                                                      INTERVAL            
[...]
badg bake bako barh bndy boav bogo bogt bor1 braz brft brst COMMENT             
brux cas1 ccj2 cedu chpg chti ckis coco cord cpvg cpxf cro1 COMMENT             
daej darw dav1 dgar dhlg drao dubo ebre faa1 fair flin flrs COMMENT             
frdn func ganp glps glsv gode gol2 gold gope gras graz guam COMMENT             
guat guug harb hers hert hlfx hnpt hob2 hofn holb hrao hyde COMMENT             
iddr ieng iisc impz invk iqal jog2 joz2 joze karr kerg kir0 COMMENT             
kiri kiru kit3 kokb kokv koug kour krgg lama laut lmmf lpal COMMENT             
lpgs m0se mac1 madr mal2 mana mas1 mat1 mate maw1 mcm4 mdo1 COMMENT             
medi mets mgue mizu mkea mnls mobs monp morp mqzg mro1 mtka COMMENT             
nano naur nico nist nklg nlib nnor not1 nrc1 ntus nya1 nyal COMMENT             
onsa opmt ous2 pado parc park pdel penc pert pie1 pimo pol2 COMMENT             
polv pots pove prds ptbb ptvl qaq1 quin rabt reso reun reyk COMMENT             
rgdg rio2 roth salu samo savo sch2 scor scrz sctb scub seyg COMMENT             
sfer smst sofi spt0 ssia sthl stjo stk2 str2 suth sutm sydn COMMENT             
syog tabv tash thtg thti thu2 tidb tlse tn22 tong tow2 tro1 COMMENT             
tskb twtf txes uclu ufpr ulab unb3 unbj unsa urum usn7 usud COMMENT             
vald vill voim vtsp wab1 wab2 wark wgtn whit will wind wsrt COMMENT             
wtza wtzl wtzr wtzs wtzz wuhn xmis yar2 yar3 yarr yell ykro COMMENT             
zeck zim2 zim3 zimm                                         COMMENT             
                                                            END OF HEADER       
[from data line 10296]
    25                                                      START OF TEC MAP    
  2024     2     4     0     0     0                        EPOCH OF CURRENT MAP
    87.5-180.0 180.0   5.0 450.0                            LAT/LON1/LON2/DLON/H
  173  175  177  178  179  180  180  180  180  180  180  179  177  176  174  172
  170  167  164  161  158  155  151  148  144  140  136  133  129  125  121  118
  114  111  108  106  103  101   99   98   97   96   96   96   97   98   99  101
  103  105  107  110  113  116  119  123  126  130  133  137  140  143  147  150
  153  156  159  162  164  167  169  171  173
    85.0-180.0 180.0   5.0 450.0                            LAT/LON1/LON2/DLON/H
  197  200  203  206  208  210  212  213  213  213  213  212  210  208  205  202
  198  194  189  184  179  173  167  161  154  147  140  133  126  119  111  104
   98   91   85   79   74   70   66   63   61   60   60   60   61   64   67   70
   75   79   85   90   96  102  108  114  121  127  132  138  144  149  154  159
  164  169  173  177  182  186  190  193  197
    82.5-180.0 180.0   5.0 450.0                            LAT/LON1/LON2/DLON/H
  207  212  217  221  225  229  232  234  236  236  236  235  232  229  226  222
  217  212  207  201  195  189  182  175  167  159  151  142  133  123  114  104
   95   85   77   68   61   54   49   44   41   39   38   38   40   44   48   54
   60   67   75   83   91   99  107  115  122  129  135  141  147  152  157  162
  167  172  177  182  187  192  197  202  207
    80.0-180.0 180.0   5.0 450.0                            LAT/LON1/LON2/DLON/H
  206  213  219  226  232  238  243  247  249  250  249  247  244  239  234  229
  223  218  213  208  203  198  192  187  180  173  165  157  147  137  127  116
  105   95   84   75   65   57   50   44   39   36   34   34   36   40   46   53
   61   70   79   88   97  106  114  121  127  133  137  142  146  150  154  158
  162  167  171  176  182  187  193  200  206
    77.5-180.0 180.0   5.0 450.0                            LAT/LON1/LON2/DLON/H
  201  209  218  227  236  244  251  256  259  260  258  253  247  240  231  223
  216  210  205  201  199  197  195  193  189  185  179  172  164  155  145  135
  124  114  103   94   84   75   67   60   54   50   47   46   48   52   57   65
   74   84   94  103  112  119  125  129  133  135  136  137  139  141  143  146
  150  155  160  166  172  178  185  193  201
    75.0-180.0 180.0   5.0 450.0                            LAT/LON1/LON2/DLON/H
  200  209  220  231  242  253  262  269  272  272  267  259  247  234  221  208
  198  190  186  184  185  187  189  191  192  191  188  183  176  169  160  151
  142  133  124  116  108  100   92   85   79   73   70   68   68   71   77   85
   94  104  114  123  129  134  136  136  135  132  129  127  125  126  127  131
  136  142  149  157  165  174  182  190  200
    72.5-180.0 180.0   5.0 450.0                            LAT/LON1/LON2/DLON/H
  208  219  230  242  255  269  280  288  292  290  282  268  250  230  210  191
  176  166  161  161  164  170  177  183  187  188  187  184  179  172  165  157
  150  143  137  131  126  120  115  109  103   97   92   89   89   91   96  104
  114  124  133  140  145  146  143  138  131  124  117  111  108  108  111  117
  125  136  147  158  170  180  190  199  208
    70.0-180.0 180.0   5.0 450.0                            LAT/LON1/LON2/DLON/H
  229  238  249  261  275  290  304  314  318  315  303  285  260  232  204  178
  158  144  138  138  144  152  162  170  175  178  177  174  168  162  155  149
  143  139  135  132  130  128  125  121  117  112  107  103  102  104  108  116
  126  137  145  151  153  150  143  133  122  111  101   94   91   93   99  109
  123  139  156  172  187  200  211  221  229
    67.5-180.0 180.0   5.0 450.0                            LAT/LON1/LON2/DLON/H
  259  265  273  284  298  313  329  340  346  342  329  307  277  243  208  176
  151  134  125  125  130  139  148  156  160  161  158  153  147  140  134  128
  123  119  117  116  117  118  119  118  117  113  109  105  103  104  109  117
  128  138  147  152  151  145  135  121  107   94   85   79   79   84   95  111
  130  153  176  198  217  232  244  252  259
    65.0-180.0 180.0   5.0 450.0                            LAT/LON1/LON2/DLON/H
  290  293  297  305  317  332  348  362  369  367  354  331  299  262  224  189
  160  139  128  125  128  134  139  143  144  141  135  128  121  114  107  100
   95   91   89   89   91   94   98  101  102  101   98   95   92   93   98  106
  118  129  138  142  140  131  119  104   90   79   72   70   74   84  100  121
  146  174  202  228  251  268  280  287  290
    62.5-180.0 180.0   5.0 450.0                            LAT/LON1/LON2/DLON/H
  317  315  315  319  328  342  358  372  381  381  371  350  321  286  249  214
  184  161  146  139  137  137  137  135  129  122  113  105   97   90   83   77
   70   64   60   59   60   65   70   76   80   82   80   77   75   75   79   88
   99  111  120  124  120  111   98   85   73   66   64   69   78   93  114  138
  167  197  228  257  282  300  312  316  317
    60.0-180.0 180.0   5.0 450.0                            LAT/LON1/LON2/DLON/H
  334  330  326  326  332  343  357  370  379  382  375  360  338  310  279  247
  218  193  175  162  154  148  140  131  120  108   97   88   82   77   71   65
   57   49   42   37   37   40   46   53   59   62   62   60   57   56   59   67
   79   91   99  102   98   89   77   66   60   59   64   75   90  109  132  158
  186  217  248  277  302  320  331  335  334
    57.5-180.0 180.0   5.0 450.0                            LAT/LON1/LON2/DLON/H
  341  336  331  328  331  338  349  360  368  371  368  359  346  328  306  281
  254  229  207  189  175  161  147  132  116  101   89   82   79   77   75   69
   61   51   40   32   28   29   33   40   46   51   51   49   46   44   46   53
   63   74   81   83   79   70   59   52   51   58   70   88  107  129  151  175
  202  230  258  285  308  326  337  342  341
    55.0-180.0 180.0   5.0 450.0                            LAT/LON1/LON2/DLON/H
  340  338  335  332  332  337  343  350  354  355  353  350  345  338  326  308
  284  258  234  211  192  174  155  136  117  101   91   86   87   89   90   87
   79   67   55   44   37   35   36   41   46   51   52   50   46   43   43   48
   57   66   72   72   67   58   49   46   50   63   81  103  125  146  167  188
  211  235  258  281  302  318  331  338  340
    52.5-180.0 180.0   5.0 450.0                            LAT/LON1/LON2/DLON/H
  338  342  343  342  342  345  348  349  347  342  338  337  339  340  336  323
  302  276  249  224  203  183  163  143  124  109  100   98  102  107  110  109
  102   92   80   69   61   56   54   55   59   62   63   62   58   54   54   57
   63   70   74   72   66   56   49   48   56   72   95  119  141  160  178  195
  214  233  253  271  289  305  319  330  338
    50.0-180.0 180.0   5.0 450.0                            LAT/LON1/LON2/DLON/H
  340  351  358  362  364  367  367  363  354  342  332  329  332  337  338  327
  307  279  252  227  207  189  171  152  135  121  113  112  116  122  126  125
  120  113  104   97   90   84   79   77   78   80   82   81   79   76   75   76
   81   85   87   83   75   65   58   58   67   86  109  132  152  169  183  198
  214  231  247  262  276  291  308  325  340
    47.5-180.0 180.0   5.0 450.0                            LAT/LON1/LON2/DLON/H
  347  365  379  388  395  399  400  393  377  357  339  330  330  335  335  323
  301  273  246  224  208  194  180  164  148  135  126  123  125  128  129  128
  125  122  119  117  115  110  105  100   98  100  102  104  103  102  101  103
  106  108  107  101   92   81   73   73   83  100  122  143  160  173  185  198
  214  230  245  258  270  285  304  325  347
    45.0-180.0 180.0   5.0 450.0                            LAT/LON1/LON2/DLON/H
  358  381  400  414  426  435  438  431  412  385  358  341  336  336  332  317
  292  263  238  221  210  201  191  177  163  149  137  129  125  122  120  117
  115  116  121  126  129  128  123  117  115  116  120  123  126  127  128  129
  131  132  129  122  111  100   92   91   99  115  134  151  165  175  186  200
  217  235  251  263  275  289  308  332  358
    42.5-180.0 180.0   5.0 450.0                            LAT/LON1/LON2/DLON/H
  368  393  414  432  447  461  469  466  447  417  384  361  349  344  335  315
  288  259  238  226  220  213  204  191  176  160  145  131  120  111  104   99
   97  101  111  123  133  136  132  127  124  126  132  137  142  145  148  151
  152  151  147  139  128  116  108  106  113  127  144  159  169  178  188  204
  224  245  263  277  288  301  319  342  368
    40.0-180.0 180.0   5.0 450.0                            LAT/LON1/LON2/DLON/H
  374  397  417  434  451  469  483  486  472  442  408  381  365  356  344  321
  293  267  251  243  238  230  218  204  187  169  151  133  117  104   94   87
   85   89  101  117  130  136  134  130  129  132  139  145  151  155  159  162
  164  162  157  148  137  126  118  116  122  136  152  167  176  184  195  212
  235  259  280  295  306  318  333  352  374
    37.5-180.0 180.0   5.0 450.0                            LAT/LON1/LON2/DLON/H
  374  391  407  421  438  457  475  484  477  452  420  394  379  370  357  335
  309  288  276  269  262  248  230  212  195  178  160  142  126  114  105   97
   93   94  103  117  130  136  135  133  133  137  143  149  153  156  160  164
  165  163  156  146  136  126  119  118  126  141  160  176  186  195  206  224
  248  274  296  313  325  335  346  358  374
    35.0-180.0 180.0   5.0 450.0                            LAT/LON1/LON2/DLON/H
  370  380  392  402  414  431  449  463  462  444  418  396  385  380  370  353
  332  316  307  299  284  261  236  216  202  191  179  166  156  150  146  141
  133  128  128  134  140  143  141  139  140  144  149  151  151  151  153  156
  157  154  146  136  125  116  111  112  123  143  166  186  200  209  221  239
  262  287  309  328  341  351  357  362  370
    32.5-180.0 180.0   5.0 450.0                            LAT/LON1/LON2/DLON/H
  369  375  384  391  397  406  420  433  436  424  404  388  383  384  380  369
  354  343  334  321  297  264  233  216  211  212  212  210  211  216  221  219
  208  192  179  171  166  161  156  152  153  156  157  154  148  143  142  144
  144  140  131  120  109  100   97  101  117  143  173  198  215  227  239  256
  277  299  320  339  354  364  367  366  369
    30.0-180.0 180.0   5.0 450.0                            LAT/LON1/LON2/DLON/H
  379  388  399  406  405  403  407  414  416  407  391  379  378  383  385  378
  368  359  349  329  294  254  225  217  229  248  264  275  289  306  320  321
  306  278  249  224  205  190  179  172  171  171  167  158  146  137  132  132
  130  124  115  102   91   82   80   88  110  142  179  210  232  246  259  275
  292  310  329  348  366  378  380  378  379
    27.5-180.0 180.0   5.0 450.0                            LAT/LON1/LON2/DLON/H
  410  427  448  458  451  437  426  424  421  411  394  381  378  383  386  381
  372  361  345  317  276  236  216  227  262  302  333  357  380  406  427  429
  408  368  322  282  248  223  204  193  189  186  178  165  148  134  126  123
  119  113  102   88   75   66   65   77  104  144  186  222  247  265  280  296
  311  325  341  361  382  397  403  403  410
    25.0-180.0 180.0   5.0 450.0                            LAT/LON1/LON2/DLON/H
  464  497  532  550  541  514  489  474  465  450  428  407  396  393  390  381
  367  350  327  292  250  219  219  255  315  374  416  445  470  497  518  517
  489  438  381  328  284  250  225  210  202  196  186  170  151  135  125  119
  114  106   94   79   65   55   56   72  104  149  196  235  262  283  301  320
  335  347  360  380  405  426  438  446  464
    22.5-180.0 180.0   5.0 450.0                            LAT/LON1/LON2/DLON/H
  538  591  645  674  664  628  590  566  551  531  500  467  441  423  407  387
  363  336  303  265  230  217  243  308  390  460  503  526  542  560  572  563
  528  471  408  351  303  264  236  217  207  199  189  173  156  140  129  121
  114  105   91   75   60   50   53   73  110  158  207  247  276  300  324  347
  365  377  389  410  438  465  485  504  538
    20.0-180.0 180.0   5.0 450.0                            LAT/LON1/LON2/DLON/H
  622  695  767  807  799  758  714  686  669  647  609  561  516  478  444  409
  372  333  292  255  232  243  298  387  481  550  581  584  580  579  575  556
  514  457  397  344  299  262  233  214  202  194  185  174  160  148  136  126
  117  106   92   76   60   50   56   80  122  173  222  261  290  317  347  377
  400  414  427  448  480  512  540  572  622
    17.5-180.0 180.0   5.0 450.0                            LAT/LON1/LON2/DLON/H
  704  792  877  925  919  877  833  809  798  779  737  678  615  558  505  455
  405  355  309  276  270  306  385  486  577  628  633  608  576  550  528  497
  453  402  353  312  278  247  221  203  191  184  178  172  164  155  144  132
  120  108   94   77   61   54   62   92  138  190  239  276  305  335  371  408
  437  455  470  492  525  562  597  639  704
    15.0-180.0 180.0   5.0 450.0                            LAT/LON1/LON2/DLON/H
  769  864  955 1005  999  959  922  910  912  902  864  799  724  653  588  527
  468  412  365  340  350  405  495  593  662  680  649  590  529  480  440  402
  362  324  293  269  249  228  208  192  181  175  172  170  167  160  149  135
  121  109   95   79   64   58   71  106  156  209  256  292  321  354  394  437
  472  494  511  535  569  608  648  697  769
    12.5-180.0 180.0   5.0 450.0                            LAT/LON1/LON2/DLON/H
  810  903  988 1032 1025  989  963  966  985  990  961  901  825  749  680  618
  557  501  458  442  466  529  614  687  717  690  619  530  447  382  335  298
  270  250  239  234  228  217  203  189  179  173  170  171  170  164  151  135
  121  109   96   81   67   64   81  120  173  227  273  308  338  372  415  461
  500  526  545  570  605  644  686  737  810
    10.0-180.0 180.0   5.0 450.0                            LAT/LON1/LON2/DLON/H
  824  906  977 1010  998  966  952  969 1004 1026 1011  963  896  829  768  713
  661  613  577  569  599  657  719  750  727  653  546  437  346  280  238  214
  204  205  214  224  228  224  213  201  190  182  177  175  173  166  152  135
  120  110   99   85   72   71   92  134  188  241  286  322  354  390  433  478
  517  545  568  594  629  667  708  757  824
     7.5-180.0 180.0   5.0 450.0                            LAT/LON1/LON2/DLON/H
  818  884  936  954  935  908  902  929  974 1006 1007  975  927  877  834  797
  761  725  699  698  725  765  789  766  688  569  441  328  246  196  174  172
  185  206  230  248  256  253  243  229  216  203  192  185  177  167  151  135
  124  116  108   94   82   82  105  148  200  251  296  333  368  404  444  485
  522  551  577  605  639  677  715  760  818
     5.0-180.0 180.0   5.0 450.0                            LAT/LON1/LON2/DLON/H
  802  852  886  889  866  840  838  867  911  945  955  941  914  887  868  853
  836  816  801  802  819  831  809  730  603  455  322  225  169  149  156  183
  220  257  287  304  307  299  286  269  251  232  214  198  184  169  154  141
  134  130  124  111   98   98  120  161  209  257  300  340  378  415  450  485
  517  546  574  604  639  675  712  753  802
     2.5-180.0 180.0   5.0 450.0                            LAT/LON1/LON2/DLON/H
  787  826  848  843  818  795  792  812  843  868  878  875  867  863  866  872
  873  868  861  861  863  844  777  651  489  332  215  151  133  149  189  243
  300  346  373  379  370  353  333  312  289  263  237  212  192  175  161  154
  153  154  149  135  120  118  137  173  216  259  301  343  384  421  451  478
  504  532  562  595  630  666  703  743  787
