interface/IONEXdata/COD0OPSFIN_20223530000_01D_01H_GIM.INX
     1.0            IONOSPHERE MAPS     GNSS                IONEX VERSION / TYPE
ADDNEQ2 V5.5        AIUB                23-DEC-22 23:23     PGM / RUN BY / DATE 
CODE'S GLOBAL IONOSPHERE MAPS FOR DAY 353, 2022             COMMENT             
Global ionosphere maps (GIM) are generated on a daily basis DESCRIPTION         
at CODE using data from about 300 GNSS sites of the IGS and DESCRIPTION         
other institutions. The vertical total electron content     DESCRIPTION         
(VTEC) is modeled in a solar-geomagnetic reference frame    DESCRIPTION         
using a spherical harmonics expansion up to degree and      DESCRIPTION         
order 15. Piece-wise linear functions are used for          DESCRIPTION         
representation in the time domain. The time spacing of      DESCRIPTION         
their vertices is 1 hour, conforming with the epochs of the DESCRIPTION         
VTEC maps.                                                  DESCRIPTION         
To convert line-of-sight TEC into vertical TEC, a modified  DESCRIPTION         
single-layer model mapping function approximating the JPL   DESCRIPTION         
extended slab model mapping function is adopted. The        DESCRIPTION         
mapping function is evaluated at geodetic satellite         DESCRIPTION         
elevation angles. For the computation of the ionospheric    DESCRIPTION         
pierce points, a spherical layer with a radius of 6821 km   DESCRIPTION         
is assumed, implying geocentric, not geodetic IONEX         DESCRIPTION         
latitudes.                                                  DESCRIPTION         
Instrumental biases with respect to each involved GNSS code DESCRIPTION         
observable are estimated as constant values for each        DESCRIPTION         
day. They are modeled with one set of bias parameters for   DESCRIPTION         
each satellite and each station in case of GPS and for each DESCRIPTION         
satellite-station link in case of GLONASS. The code bias    DESCRIPTION         
datum is defined by zero-mean conditions imposed on the     DESCRIPTION         
satellite bias estimates. In this file, just GPS C1W-C2W    DESCRIPTION         
satellite and station bias values are included. The         DESCRIPTION         
complete set of GNSS code bias results is provided in an    DESCRIPTION         
additional Bias-SINEX file as pseudo-absolute values        DESCRIPTION         
specific to each observable.                                DESCRIPTION         
Note: These GIM results correspond to the results for the   DESCRIPTION         
middle day of a 3-day combination analysis solving for 73   DESCRIPTION         
times 256, or 18688 VTEC parameters and 3 daily sets of     DESCRIPTION         
GNSS code bias parameters.                                  DESCRIPTION         
Contact address: code(at)aiub.unibe.ch                      DESCRIPTION         
Data archive:    ftp.aiub.unibe.ch/CODE/                    DESCRIPTION         
                 www.aiub.unibe.ch/download/CODE/           DESCRIPTION         
  2022    12    19     0     0     0                        EPOCH OF FIRST MAP  
  2022    12    20     0     0     0                        EPOCH OF LAST MAP   
  3600                                                      INTERVAL            
[...]
bshm cas1 ccj2 cedu chpg chpi chti chur ckis coco cord cpvg COMMENT             
cpxf crar cro1 daej darw dav1 dgar dhlg drao dubo ebre faa1 COMMENT             
fair flin flrs frdn ftna func ganp glps gode godz gol2 gold COMMENT             
gope gras graz guam harb hers hert hlfx hnlc hob2 hofn holb COMMENT             
hrao hyde iddr ieng iisc invk iqal irkj joz2 joze karr kerg COMMENT             
kir0 kiri kiru kit3 kokb kokv koug kour krgg lae1 laut lmmf COMMENT             
lpal lpgs m0se mac1 madr mal2 mana mas1 mat1 mate maw1 mcm4 COMMENT             
mdo1 mdvj medi mets mgue mizu mkea mobs monp morp mqzg mro1 COMMENT             
mtka nano nico nist nium nklg nlib nnor not1 nrc1 ntus nya1 COMMENT             
nyal ohi2 onsa opmt ous2 pado parc park pdel penc pert pie1 COMMENT             
pimo pohn pol2 polv pots pove prds ptag ptbb ptvl qaq1 quin COMMENT             
ramo reun reyk rgdg rio2 riop roth salu samo sant savo sch2 COMMENT             
scor scrz sctb scub seyg smst sofi spt0 ssia sthl stjo stk2 COMMENT             
str2 suth sutm suwn sydn syog tabl tabv tash thtg thti thu2 COMMENT             
tid1 tidb tlse tn22 tong tow2 tro1 tsea tskb tuva twtf txes COMMENT             
uclu ufpr ulab unb3 unbj unsa urum usn7 usud vald vill voim COMMENT             
vtsp wab1 wab2 wark wgtn whit will wind wsrt wtza wtzl wtzr COMMENT             
wtzs wtzz wuhn xmis yar2 yar3 yarr yell ykro zamb zeck zim2 COMMENT             
zim3 zimm                                                   COMMENT             
                                                            END OF HEADER       
[from data line 1287]
     4                                                      START OF TEC MAP    
  2022    12    19     3     0     0                        EPOCH OF CURRENT MAP
    87.5-180.0 180.0   5.0 450.0                            LAT/LON1/LON2/DLON/H
   61   60   60   59   58   57   57   56   55   54   53   52   51   50   49   48
   47   46   45   43   42   41   40   39   38   37   36   35   34   33   33   33
   32   32   32   33   33   33   34   35   35   36   37   39   40   41   42   44
   45   47   48   50   51   53   54   55   57   58   59   60   61   61   62   63
   63   63   63   63   63   62   62   62   61
    85.0-180.0 180.0   5.0 450.0                            LAT/LON1/LON2/DLON/H
   77   76   74   72   71   69   68   67   66   65   64   64   63   62   60   59
   57   55   53   50   48   45   42   40   37   34   32   30   28   27   26   25
   25   25   25   25   26   27   28   30   32   33   35   37   40   42   44   47
   50   53   55   58   61   64   67   70   73   76   78   81   83   84   85   86
   87   87   86   85   84   83   81   79   77
    82.5-180.0 180.0   5.0 450.0                            LAT/LON1/LON2/DLON/H
   93   89   86   82   80   78   77   76   76   77   77   77   78   77   77   75
   73   71   67   63   59   55   50   45   41   37   33   30   27   26   24   23
   23   23   24   25   27   29   31   33   35   37   40   42   45   47   50   53
   56   60   64   68   72   76   81   86   91   96  100  104  108  111  113  115
  115  115  114  112  109  105  101   97   93
    80.0-180.0 180.0   5.0 450.0                            LAT/LON1/LON2/DLON/H
  108  101   95   89   85   83   82   82   83   86   88   91   93   94   94   94
   91   88   83   78   72   65   59   52   47   41   37   33   30   29   28   27
   28   29   31   33   35   37   40   42   44   47   49   51   53   55   57   60
   63   66   70   74   79   85   91   98  105  113  120  127  133  138  142  145
  146  146  144  141  136  130  123  116  108
    77.5-180.0 180.0   5.0 450.0                            LAT/LON1/LON2/DLON/H
  123  112  102   94   87   84   82   83   86   91   95  100  105  108  109  109
  106  102   96   89   81   73   65   58   51   46   41   38   37   36   36   37
   38   40   42   45   47   50   53   55   57   59   60   61   62   63   64   65
   67   69   72   76   82   88   96  105  114  124  135  145  154  162  169  174
  177  177  175  171  164  156  146  135  123
    75.0-180.0 180.0   5.0 450.0                            LAT/LON1/LON2/DLON/H
  139  124  110   97   88   82   80   81   85   91   98  105  111  115  117  116
  113  107  100   92   83   74   66   59   54   49   47   45   45   46   47   49
   51   54   56   59   61   63   65   67   68   69   70   70   69   69   68   68
   68   68   70   74   79   86   95  105  117  130  143  156  169  180  190  197
  202  205  203  199  192  182  169  155  139
    72.5-180.0 180.0   5.0 450.0                            LAT/LON1/LON2/DLON/H
  157  138  119  103   90   81   77   78   82   88   96  104  110  114  115  114
  110  103   95   87   78   70   63   57   54   53   53   54   56   58   61   63
   65   67   68   70   71   72   73   74   74   74   74   73   72   71   69   67
   66   65   66   69   74   81   91  103  116  131  147  163  178  192  204  214
  222  226  227  224  217  206  192  176  157
    70.0-180.0 180.0   5.0 450.0                            LAT/LON1/LON2/DLON/H
  176  154  132  111   94   82   76   74   77   83   90   97  103  105  105  103
   98   91   83   75   67   61   56   54   54   56   59   63   67   71   74   76
   76   76   76   75   74   74   73   73   73   73   72   71   70   68   66   64
   62   61   61   64   69   77   87  100  115  131  148  166  182  198  212  224
  233  239  242  242  237  227  214  196  176
    67.5-180.0 180.0   5.0 450.0                            LAT/LON1/LON2/DLON/H
  195  171  146  122  102   86   77   73   74   78   83   88   91   92   91   87
   82   76   69   62   56   52   50   50   54   59   65   72   78   82   84   84
   82   80   76   73   70   68   66   65   65   65   65   65   64   63   61   59
   58   57   58   60   66   75   86  100  116  133  150  168  185  201  215  227
  238  245  251  252  250  243  232  216  195
    65.0-180.0 180.0   5.0 450.0                            LAT/LON1/LON2/DLON/H
  212  188  162  136  112   93   80   73   72   74   77   79   79   78   75   71
   67   62   57   52   48   46   46   49   54   62   71   79   85   89   89   87
   83   77   71   65   60   56   54   53   52   53   54   55   56   56   56   55
   54   54   56   60   67   77   90  105  121  138  155  172  188  202  215  227
  237  246  252  256  257  254  245  232  212
    62.5-180.0 180.0   5.0 450.0                            LAT/LON1/LON2/DLON/H
  227  204  178  149  123  101   85   75   71   71   71   71   69   66   62   59
   57   54   52   49   47   45   46   49   56   65   74   83   89   91   90   85
   78   70   61   54   48   44   41   40   41   42   44   46   48   50   51   52
   53   54   58   64   73   85   99  115  131  148  163  178  192  205  216  226
  235  244  250  256  259  259  254  244  227
    60.0-180.0 180.0   5.0 450.0                            LAT/LON1/LON2/DLON/H
  238  218  192  163  135  110   91   78   72   69   68   66   62   58   55   54
   54   55   55   54   51   49   48   51   57   65   75   83   88   89   86   79
   71   61   53   45   39   35   33   33   33   35   38   41   44   47   49   51
   53   57   62   71   83   97  113  130  146  161  175  187  198  209  218  226
  234  241  247  253  258  260  258  251  238
    57.5-180.0 180.0   5.0 450.0                            LAT/LON1/LON2/DLON/H
  246  228  205  176  147  119   97   82   73   69   66   62   58   54   53   54
   57   61   63   62   59   54   51   52   56   63   72   79   83   83   79   72
   64   55   48   42   37   34   33   33   34   36   38   41   44   47   50   52
   56   61   69   80   95  112  130  147  163  176  188  198  206  214  221  228
  234  240  245  251  256  259  260  256  246
    55.0-180.0 180.0   5.0 450.0                            LAT/LON1/LON2/DLON/H
  251  237  216  190  159  130  105   86   75   69   64   60   57   54   54   57
   63   69   72   71   65   58   53   51   54   60   67   73   76   75   71   65
   59   53   49   45   43   42   42   42   43   44   45   47   50   52   54   56
   60   67   77   92  110  129  149  166  181  192  201  208  214  220  225  230
  235  240  245  249  253  257  259  257  251
    52.5-180.0 180.0   5.0 450.0                            LAT/LON1/LON2/DLON/H
  253  244  227  203  174  143  114   92   77   69   64   60   56   54   56   61
   68   75   77   75   68   59   52   49   51   56   62   67   69   67   64   61
   58   56   55   56   56   57   57   58   58   58   58   58   59   60   61   63
   67   75   88  105  125  147  168  185  199  208  214  218  222  225  228  232
  236  240  244  248  251  255  257  257  253
    50.0-180.0 180.0   5.0 450.0                            LAT/LON1/LON2/DLON/H
  254  249  238  218  191  159  127  101   82   70   63   59   56   55   57   62
   69   75   76   73   65   57   51   49   52   56   61   63   63   62   59   58
   59   62   65   69   72   75   76   76   75   74   73   72   71   70   70   72
   76   85   99  118  141  164  186  203  215  223  227  229  229  230  231  233
  235  238  242  245  248  251  253  254  254
    47.5-180.0 180.0   5.0 450.0                            LAT/LON1/LON2/DLON/H
  251  251  245  232  208  177  143  113   89   74   65   60   57   56   56   60
   65   69   70   67   61   56   53   54   58   62   64   64   61   58   56   57
   61   67   75   82   87   90   92   92   91   90   88   86   84   82   81   82
   87   96  112  133  157  180  202  219  231  237  240  239  237  234  232  231
  231  233  237  240  243  245  247  249  251
    45.0-180.0 180.0   5.0 450.0                            LAT/LON1/LON2/DLON/H
  245  249  249  242  225  196  162  128   99   80   69   63   60   57   56   57
   59   62   63   62   60   61   63   68   72   75   74   69   63   58   55   57
   63   71   81   90   96  100  102  103  103  102  101   98   96   93   92   93
   98  109  126  147  171  195  215  232  244  251  253  252  247  240  233  228
  225  225  228  232  236  238  239  241  245
    42.5-180.0 180.0   5.0 450.0                            LAT/LON1/LON2/DLON/H
  235  241  247  247  236  213  180  144  113   89   76   69   65   62   59   57
   56   57   59   62   67   74   82   90   94   93   87   78   68   60   56   57
   64   73   84   93   99  103  106  108  109  110  109  108  106  103  102  103
  110  121  139  161  184  206  226  243  256  264  267  265  259  248  237  226
  219  217  219  223  227  230  231  232  235
    40.0-180.0 180.0   5.0 450.0                            LAT/LON1/LON2/DLON/H
  224  230  238  244  240  224  195  161  127  101   85   77   73   70   66   62
   60   61   65   73   84   97  110  118  120  114  103   89   76   66   61   61
   66   74   83   91   97  101  103  107  110  113  114  114  112  111  110  113
  120  133  151  173  194  215  234  250  265  276  281  280  273  260  244  229
  218  212  212  217  222  224  224  223  224
    37.5-180.0 180.0   5.0 450.0                            LAT/LON1/LON2/DLON/H
  216  217  225  233  235  226  204  173  141  113   96   87   83   81   77   73
   71   73   81   93  109  126  140  146  143  132  116  100   86   77   71   70
   72   78   84   89   93   95   98  103  108  113  116  117  116  115  116  120
  129  143  162  183  204  222  240  257  273  286  294  295  288  275  257  239
  225  217  215  219  224  226  224  219  216
    35.0-180.0 180.0   5.0 450.0                            LAT/LON1/LON2/DLON/H
  214  208  210  216  222  220  205  181  151  124  106   96   94   93   91   88
   88   92  102  117  135  152  164  166  158  142  124  110  100   94   90   88
   87   88   90   91   91   92   94  100  107  113  117  118  117  116  118  124
  135  152  173  194  213  230  247  264  281  296  306  309  304  292  276  259
  245  235  232  235  239  240  235  225  214
    32.5-180.0 180.0   5.0 450.0                            LAT/LON1/LON2/DLON/H
  225  208  199  199  204  206  199  181  156  131  112  103  101  102  102  102
  104  111  122  137  153  167  174  171  159  142  128  119  118  120  120  118
  113  108  104   99   95   93   94   99  107  113  116  116  115  115  118  127
  141  160  183  205  225  242  258  275  292  307  318  321  318  311  300  289
  278  270  266  267  269  269  261  245  225
    30.0-180.0 180.0   5.0 450.0                            LAT/LON1/LON2/DLON/H
  251  221  199  188  187  189  188  177  157  134  115  105  103  105  108  110
  114  122  133  145  156  164  165  159  147  134  128  131  142  154  161  159
  150  139  127  116  106  100   99  103  109  114  115  114  111  112  117  128
  146  169  195  220  241  259  276  293  308  321  329  332  332  330  329  327
  323  319  316  315  316  313  302  281  251
    27.5-180.0 180.0   5.0 450.0                            LAT/LON1/LON2/DLON/H
  292  251  214  189  178  176  176  170  154  134  114  103  100  102  105  109
  114  121  129  135  140  141  138  132  125  122  129  147  173  196  209  207
  194  176  156  138  123  112  108  109  113  115  114  109  106  107  115  131
  153  180  210  238  263  284  303  319  332  341  344  344  345  351  360  370
  377  379  378  375  373  369  356  330  292
    25.0-180.0 180.0   5.0 450.0                            LAT/LON1/LON2/DLON/H
  344  294  245  205  182  172  169  164  152  133  113  100   95   95   97  100
  104  108  112  112  109  105  101  100  103  114  136  169  208  241  259  257
  239  213  186  161  141  126  118  116  117  116  111  104  100  103  115  135
  162  194  228  261  291  316  337  353  363  366  363  360  362  373  393  416
  434  443  443  440  435  429  415  387  344
    22.5-180.0 180.0   5.0 450.0                            LAT/LON1/LON2/DLON/H
  401  346  289  238  201  180  171  165  153  135  115  100   92   89   88   88
   90   91   89   83   75   69   69   77   93  118  153  198  245  284  303  299
  277  244  211  181  156  138  127  122  119  114  106   98   94  100  117  142
  174  210  249  287  322  352  376  393  400  397  389  381  382  398  426  459
  487  502  505  500  493  485  471  443  401
    20.0-180.0 180.0   5.0 450.0                            LAT/LON1/LON2/DLON/H
  453  400  340  282  234  202  184  174  162  145  126  109   99   92   87   84
   82   80   75   65   54   49   55   74  103  139  183  231  279  316  333  326
  299  262  225  192  166  147  133  125  119  111  100   92   90  100  121  152
  188  229  271  313  352  387  414  432  437  432  419  408  409  426  459  499
  532  551  554  548  539  530  516  492  453
    17.5-180.0 180.0   5.0 450.0                            LAT/LON1/LON2/DLON/H
  493  448  393  333  279  236  209  194  181  165  147  132  120  111  103   96
   91   87   82   72   63   61   73  100  137  178  221  264  304  333  344  332
  303  264  226  194  169  150  135  125  116  106   95   87   88  102  128  163
  203  246  291  335  377  415  446  465  471  464  451  440  441  459  492  532
  566  585  588  579  568  558  546  526  493
    15.0-180.0 180.0   5.0 450.0                            LAT/LON1/LON2/DLON/H
  519  484  439  385  328  279  245  224  210  196  182  169  159  149  139  130
  125  123  121  115  109  111  127  157  194  230  263  292  316  332  334  318
  287  250  216  188  167  150  135  123  112  101   90   84   89  107  137  176
  218  262  306  351  394  434  466  487  495  491  481  474  476  492  522  557
  588  604  604  593  580  569  558  543  519
    12.5-180.0 180.0   5.0 450.0                            LAT/LON1/LON2/DLON/H
  531  509  476  431  378  326  286  262  247  237  228  220  213  205  196  189
  186  188  192  192  191  195  210  235  263  286  301  309  314  314  306  288
  259  227  199  178  162  148  134  121  109   98   88   85   92  114  147  188
  230  273  316  359  402  441  473  495  506  508  505  504  509  524  547  575
  599  610  606  593  579  567  557  546  531
    10.0-180.0 180.0   5.0 450.0                            LAT/LON1/LON2/DLON/H
  534  523  503  469  422  372  331  305  291  285  281  278  277  273  267  262
  264  273  285  293  296  300  308  321  332  335  328  314  299  284  269  250
  226  202  183  169  159  148  135  121  108   98   90   88   99  123  158  199
  241  281  322  362  401  438  468  491  504  512  518  526  536  549  567  586
  601  606  600  586  571  560  551  543  534
     7.5-180.0 180.0   5.0 450.0                            LAT/LON1/LON2/DLON/H
  537  534  524  500  460  414  374  349  338  334  334  337  340  340  338  338
  345  362  381  396  403  402  399  394  385  367  340  307  276  251  231  214
  197  182  172  166  161  152  139  124  111  101   94   95  107  133  168  209
  249  287  324  361  396  429  456  477  493  507  521  537  552  565  578  589
  598  599  591  578  564  554  546  541  537
     5.0-180.0 180.0   5.0 450.0                            LAT/LON1/LON2/DLON/H
  547  548  543  524  491  450  414  392  382  381  383  387  392  395  396  399
  410  432  458  478  485  479  463  441  413  378  337  294  254  223  202  188
  179  173  170  169  167  158  145  129  116  107  102  104  118  144  180  219
  257  292  326  359  391  419  442  460  476  494  515  537  556  570  579  586
  592  592  585  573  562  555  550  548  547
     2.5-180.0 180.0   5.0 450.0                            LAT/LON1/LON2/DLON/H
  568  569  563  546  516  479  448  430  423  421  421  423  426  428  429  432
  443  466  494  517  524  513  487  452  412  370  325  279  238  206  187  177
  175  175  177  178  175  166  151  136  124  115  112  115  130  157  193  231
  266  298  329  359  388  412  431  446  460  478  502  527  549  563  571  578
  584  586  582  574  567  564  565  566  568
