interface/IONEXdata/COD0OPSFIN_20230660000_01D_01H_GIM.INX
     1.0            IONOSPHERE MAPS     GNSS                IONEX VERSION / TYPE
ADDNEQ2 V5.5        AIUB                11-MAR-23 20:45     PGM / RUN BY / DATE 
CODE'S GLOBAL IONOSPHERE MAPS FOR DAY 066, 2023             COMMENT             
Global ionosphere maps (GIM) are generated on a daily basis DESCRIPTION         
at CODE using data from about 300 GNSS sites of the IGS and DESCRIPTION         
other institutions. The vertical total electron content     DESCRIPTION         
(VTEC) is modeled in a solar-geomagnetic reference frame    DESCRIPTION         
using a spherical harmonics expansion up to degree and      DESCRIPTION         
order 15. Piece-wise linear functions are used for          DESCRIPTION         
representation in the time domain. The time spacing of      DESCRIPTION         
their vertices is 1 hour, conforming with the epochs of the DESCRIPTION         
VTEC maps.                                                  DESCRIPTION         
To convert line-of-sight TEC into vertical TEC, a modified  DESCRIPTION         
single-layer model mapping function approximating the JPL   DESCRIPTION         
extended slab model mapping function is adopted. The        DESCRIPTION         
mapping function is evaluated at geodetic satellite         DESCRIPTION         
elevation angles. For the computation of the ionospheric    DESCRIPTION         
pierce points, a spherical layer with a radius of 6821 km   DESCRIPTION         
is assumed, implying geocentric, not geodetic IONEX         DESCRIPTION         
latitudes.                                                  DESCRIPTION         
Instrumental biases with respect to each involved GNSS code DESCRIPTION         
observable are estimated as constant values for each        DESCRIPTION         
day. They are modeled with one set of bias parameters for   DESCRIPTION         
each satellite and each station in case of GPS and for each DESCRIPTION         
satellite-station link in case of GLONASS. The code bias    DESCRIPTION         
datum is defined by zero-mean conditions imposed on the     DESCRIPTION         
satellite bias estimates. In this file, just GPS C1W-C2W    DESCRIPTION         
satellite and station bias values are included. The         DESCRIPTION         
complete set of GNSS code bias results is provided in an    DESCRIPTION         
additional Bias-SINEX file as pseudo-absolute values        DESCRIPTION         
specific to each observable.                                DESCRIPTION         
Note: These GIM results correspond to the results for the   DESCRIPTION         
middle day of a 3-day combination analysis solving for 73   DESCRIPTION         
times 256, or 18688 VTEC parameters and 3 daily sets of     DESCRIPTION         
GNSS code bias parameters.                                  DESCRIPTION         
Contact address: code(at)aiub.unibe.ch                      DESCRIPTION         
Data archive:    ftp.aiub.unibe.ch/CODE/                    DESCRIPTION         
                 www.aiub.unibe.ch/download/CODE/           DESCRIPTION         
  2023     3     7     0     0     0                        EPOCH OF FIRST MAP  
  2023     3     8     0     0     0                        EPOCH OF LAST MAP   
  3600                                                      INTERVAL            
[...]
brst brux cags cas1 ccj2 cedu chpg chpi chti chur coco cord COMMENT             
cpvg cpxf crar cro1 daej darw dav1 dgar dhlg drao dubo ebre COMMENT             
faa1 fair flin flrs frdn ftna func ganp glps glsv gode godz COMMENT             
gol2 gold gope gras graz guam guug harb hers hert hlfx hob2 COMMENT             
hofn holb hrao hyde iddr ieng iisc ineg invk iqal irkj isba COMMENT             
jog2 joz2 joze kerg kir0 kiri kiru kit3 kokb kokv kouc koug COMMENT             
kour krgg laut lmmf lpal lpgs m0se mac1 madr mal2 mana mas1 COMMENT             
mat1 mate maw1 mcm4 mdo1 mdvj medi mets mgue mizu mkea mnls COMMENT             
mobs monp morp mqzg mro1 mtka nano nico nist nium nklg nlib COMMENT             
nnor not1 nrc1 nrmd ntus nya1 nyal ohi2 onsa opmt ous2 pado COMMENT             
parc park pdel penc pert pie1 pimo pohn pol2 polv pots pove COMMENT             
prds ptag ptbb qaq1 quin rabt ramo reun reyk rgdg rio2 riop COMMENT             
samo sant savo sch2 scor scrz sctb seyg shao smst sofi spt0 COMMENT             
ssia sthl stjo stk2 str2 suth sutm suwn sydn syog tabv tash COMMENT             
thtg thti thu2 tid1 tidb tlse tn22 tong tow2 tro1 tsea tskb COMMENT             
tuva twtf txes uclu ufpr ulab unb3 unbj unsa urum usn7 usud COMMENT             
vald vill voim vtsp wab1 wab2 wark wes2 wgtn whit will wsrt COMMENT             
wtza wtzl wtzr wtzs wuhn xmis yar2 yar3 yarr yell zamb zeck COMMENT             
zim2 zim3 zimm                                              COMMENT             
                                                            END OF HEADER       
[from data line 1287]
     4                                                      START OF TEC MAP    
  2023     3     7     3     0     0                        EPOCH OF CURRENT MAP
    87.5-180.0 180.0   5.0 450.0                            LAT/LON1/LON2/DLON/H
  259  258  257  256  255  253  252  251  249  248  247  245  244  243  241  239
  238  236  234  232  230  227  225  222  220  217  214  212  209  207  205  203
  201  199  198  197  197  196  196  197  197  198  200  201  203  205  208  210
  213  216  220  223  227  230  234  237  241  244  247  250  252  255  257  258
  260  261  261  262  262  262  261  260  259
    85.0-180.0 180.0   5.0 450.0                            LAT/LON1/LON2/DLON/H
  280  276  271  267  264  260  257  255  253  252  251  251  251  250  250  249
  248  247  244  241  238  233  228  223  217  211  204  198  192  186  181  176
  172  169  166  164  163  162  162  162  164  165  168  171  174  178  183  188
  194  201  208  215  223  231  239  247  255  263  270  277  283  288  292  295
  297  298  298  297  295  292  288  284  280
    82.5-180.0 180.0   5.0 450.0                            LAT/LON1/LON2/DLON/H
  295  285  275  266  259  252  247  244  243  243  244  246  249  253  256  259
  261  261  260  258  253  247  239  230  220  209  198  187  177  168  159  152
  147  142  139  137  136  136  137  138  140  142  144  148  152  156  162  168
  176  184  194  205  217  230  243  257  270  284  296  308  318  327  334  339
  342  342  340  336  330  323  314  305  295
    80.0-180.0 180.0   5.0 450.0                            LAT/LON1/LON2/DLON/H
  309  292  275  260  247  237  229  224  222  223  226  232  239  247  256  263
  270  274  276  275  271  263  252  239  225  209  193  177  163  151  140  133
  127  123  122  122  123  125  127  129  132  134  136  138  140  144  148  154
  161  170  181  194  209  226  244  262  282  301  319  337  352  365  376  383
  387  387  384  378  368  356  342  326  309
    77.5-180.0 180.0   5.0 450.0                            LAT/LON1/LON2/DLON/H
  327  303  280  259  240  225  212  204  200  201  204  212  222  234  246  259
  271  280  286  287  284  276  263  247  228  208  187  168  151  137  127  120
  116  115  117  120  125  129  133  137  139  140  141  140  140  141  142  146
  151  160  171  184  201  220  241  263  287  311  334  356  377  394  409  419
  426  428  425  418  406  390  371  350  327
    75.0-180.0 180.0   5.0 450.0                            LAT/LON1/LON2/DLON/H
  352  324  296  270  246  226  209  196  188  185  186  191  200  212  227  243
  259  273  283  288  287  280  267  249  228  205  182  161  143  129  120  115
  114  117  123  130  137  145  150  154  156  156  154  151  148  145  144  145
  149  155  165  179  195  215  237  260  286  312  338  363  386  407  425  439
  449  454  454  448  438  422  402  378  352
    72.5-180.0 180.0   5.0 450.0                            LAT/LON1/LON2/DLON/H
  382  354  324  296  269  245  224  207  193  183  177  175  178  187  199  215
  233  250  265  274  277  272  261  243  222  199  176  156  139  127  120  118
  120  126  134  144  153  162  168  172  173  172  168  163  158  153  150  150
  152  158  167  179  195  213  233  255  279  304  330  355  379  401  421  438
  452  461  466  465  459  448  430  408  382
    70.0-180.0 180.0   5.0 450.0                            LAT/LON1/LON2/DLON/H
  413  388  360  332  305  281  258  236  216  198  182  170  163  162  168  181
  198  217  234  247  254  253  245  230  211  190  170  153  140  131  126  126
  130  137  145  155  164  172  178  181  181  179  174  168  163  158  156  157
  160  167  176  187  200  215  232  250  270  291  313  335  357  379  399  417
  434  448  459  466  468  463  452  435  413
    67.5-180.0 180.0   5.0 450.0                            LAT/LON1/LON2/DLON/H
  439  418  394  370  346  323  301  278  254  228  202  177  157  144  141  147
  160  179  198  214  223  226  220  209  194  178  163  151  142  137  135  136
  139  144  149  156  162  168  172  174  174  172  168  163  160  158  159  163
  170  179  189  199  210  221  233  245  260  276  293  311  329  348  366  385
  403  421  438  453  463  468  466  456  439
    65.0-180.0 180.0   5.0 450.0                            LAT/LON1/LON2/DLON/H
  457  440  420  400  381  363  344  323  298  267  232  196  164  139  125  122
  131  146  164  180  191  194  191  183  173  163  154  148  144  142  142  142
  142  143  144  145  148  150  152  153  153  152  150  148  147  150  156  166
  177  190  202  212  220  227  234  241  250  262  275  290  305  320  336  352
  371  391  412  433  452  465  470  468  457
    62.5-180.0 180.0   5.0 450.0                            LAT/LON1/LON2/DLON/H
  465  451  434  417  402  389  376  360  336  305  266  223  182  147  124  115
  117  127  141  154  161  164  161  155  149  144  142  142  143  144  144  142
  139  134  130  126  124  123  123  124  125  125  124  125  128  135  147  162
  180  197  211  221  228  231  234  238  244  254  266  280  294  307  320  334
  350  369  392  417  441  460  471  473  465
    60.0-180.0 180.0   5.0 450.0                            LAT/LON1/LON2/DLON/H
  469  455  437  421  409  400  393  382  363  334  296  252  207  169  141  125
  121  126  133  138  140  137  132  127  123  124  127  133  138  141  141  137
  130  122  113  105   99   95   95   95   97   98   99  101  107  117  133  154
  176  197  214  225  230  231  232  235  242  254  270  287  302  316  327  338
  350  366  388  413  439  461  474  477  469
    57.5-180.0 180.0   5.0 450.0                            LAT/LON1/LON2/DLON/H
  477  459  439  421  409  402  397  390  376  352  317  277  235  198  170  152
  143  140  138  134  127  118  108  102  101  105  113  122  130  134  133  129
  120  110   99   89   81   77   75   76   77   78   80   82   88  100  119  143
  169  194  212  224  228  228  229  234  246  264  287  310  332  348  359  367
  375  387  405  427  452  473  485  486  477
    55.0-180.0 180.0   5.0 450.0                            LAT/LON1/LON2/DLON/H
  494  473  450  429  415  406  400  392  379  358  329  295  260  229  204  186
  174  163  152  138  122  105   92   84   85   92  102  113  121  125  124  120
  113  104   94   85   77   72   70   70   71   71   71   71   76   87  107  134
  163  190  210  222  226  227  230  239  257  283  315  348  376  397  409  415
  420  427  439  458  480  498  508  507  494
    52.5-180.0 180.0   5.0 450.0                            LAT/LON1/LON2/DLON/H
  523  502  477  455  437  423  411  398  381  358  332  305  278  255  236  220
  204  188  168  146  122  100   84   77   79   87   99  109  115  118  117  114
  111  106  101   95   88   83   80   78   77   75   72   70   73   83  103  131
  162  192  214  226  231  234  239  253  277  311  351  392  427  452  467  472
  473  475  484  498  516  532  540  537  523
    50.0-180.0 180.0   5.0 450.0                            LAT/LON1/LON2/DLON/H
  562  544  522  501  481  462  441  417  390  361  334  309  289  274  259  245
  228  207  181  153  126  102   87   81   85   95  105  112  115  114  113  113
  114  117  117  115  110  104   99   95   92   87   82   78   78   87  108  138
  172  204  228  242  248  252  260  278  306  345  390  435  474  502  517  522
  520  520  526  538  554  568  576  574  562
    47.5-180.0 180.0   5.0 450.0                            LAT/LON1/LON2/DLON/H
  602  591  577  562  544  521  490  453  413  373  339  313  296  284  272  259
  240  216  189  161  134  113  101   99  105  114  121  123  121  116  113  115
  122  131  137  139  135  128  121  114  108  103   96   91   91  101  123  156
  194  229  255  271  279  285  296  315  344  383  428  472  510  538  552  556
  553  552  556  567  583  597  606  608  602
    45.0-180.0 180.0   5.0 450.0                            LAT/LON1/LON2/DLON/H
  632  631  629  624  611  588  551  502  448  395  351  320  300  288  277  262
  243  220  195  171  149  134  127  128  135  142  145  141  132  122  118  121
  132  145  156  160  156  148  138  129  123  117  111  107  109  121  146  183
  225  264  293  311  322  330  342  362  390  425  463  502  535  558  570  573
  570  568  572  583  599  614  625  631  632
    42.5-180.0 180.0   5.0 450.0                            LAT/LON1/LON2/DLON/H
  647  655  664  669  665  646  607  552  487  423  370  331  307  291  277  261
  242  223  204  187  174  165  162  165  171  175  173  163  148  134  127  129
  141  156  168  173  169  160  148  139  133  129  125  124  129  144  173  214
  260  302  334  355  369  380  394  414  440  468  499  528  553  571  580  580
  576  574  578  589  605  620  632  640  647
    40.0-180.0 180.0   5.0 450.0                            LAT/LON1/LON2/DLON/H
  647  658  673  686  691  678  644  589  521  452  392  347  316  295  277  260
  244  231  221  213  207  203  202  205  208  208  201  186  168  151  141  142
  151  164  174  178  174  164  153  145  140  138  138  140  148  166  199  243
  291  336  370  394  411  427  446  468  491  515  538  559  577  589  595  593
  589  586  588  598  611  624  633  640  647
    37.5-180.0 180.0   5.0 450.0                            LAT/LON1/LON2/DLON/H
  640  646  659  674  684  678  650  602  539  472  411  362  327  302  281  265
  253  247  246  247  246  244  241  241  241  237  227  211  192  175  165  162
  166  173  179  180  175  167  157  150  148  149  151  154  164  183  217  262
  312  357  393  419  441  464  490  517  544  567  587  603  617  627  631  629
  624  619  619  624  632  638  640  640  640
    35.0-180.0 180.0   5.0 450.0                            LAT/LON1/LON2/DLON/H
  644  636  637  645  651  649  629  591  538  479  422  375  338  310  289  274
  267  269  276  283  283  279  273  269  266  261  251  237  223  210  201  196
  193  191  190  187  181  173  165  160  159  161  163  167  175  193  225  268
  317  361  398  427  456  488  524  561  596  625  648  667  682  693  699  699
  693  686  682  681  681  678  670  657  644
    32.5-180.0 180.0   5.0 450.0                            LAT/LON1/LON2/DLON/H
  675  648  629  620  616  610  595  565  524  475  426  383  347  319  298  286
  284  291  303  310  309  300  291  285  283  281  276  269  264  260  255  247
  237  225  214  204  196  188  181  177  175  175  175  175  180  194  222  262
  307  350  387  420  456  499  548  599  647  688  722  750  772  789  800  803
  799  790  781  773  764  751  732  705  675
    30.0-180.0 180.0   5.0 450.0                            LAT/LON1/LON2/DLON/H
  747  699  658  627  606  590  571  545  511  471  429  390  356  328  308  297
  296  305  316  321  315  303  293  291  295  301  305  310  317  324  326  318
  300  277  255  237  223  213  204  197  192  188  184  179  178  187  210  246
  288  329  367  405  449  503  566  632  696  754  804  844  877  902  920  929
  928  920  908  894  878  858  830  792  747
    27.5-180.0 180.0   5.0 450.0                            LAT/LON1/LON2/DLON/H
  859  796  736  684  645  613  584  553  519  481  441  403  369  341  319  305
  301  305  311  310  299  286  282  290  308  327  343  360  381  401  412  405
  380  345  310  281  260  243  230  217  207  197  188  178  171  174  193  227
  268  308  348  390  443  508  583  664  743  818  883  937  980 1014 1038 1053
 1059 1055 1043 1028 1009  986  956  913  859
    25.0-180.0 180.0   5.0 450.0                            LAT/LON1/LON2/DLON/H
  998  932  862  798  743  695  651  608  564  520  475  434  396  365  337  316
  301  295  290  282  269  259  266  291  328  362  391  420  452  484  503  497
  466  420  372  331  299  273  251  231  214  199  185  170  159  160  177  211
  253  296  338  386  446  520  604  694  785  872  949 1013 1062 1100 1129 1151
 1164 1168 1162 1150 1134 1115 1089 1052  998
    22.5-180.0 180.0   5.0 450.0                            LAT/LON1/LON2/DLON/H
 1141 1083 1017  953  892  833  774  714  654  597  542  491  447  408  371  336
  305  282  266  250  237  235  257  303  359  409  448  484  524  563  588  582
  546  490  430  376  331  295  263  236  212  193  175  159  147  147  167  204
  250  297  344  398  463  542  630  722  817  908  990 1056 1106 1142 1172 1198
 1221 1237 1242 1239 1230 1220 1207 1182 1141
    20.0-180.0 180.0   5.0 450.0                            LAT/LON1/LON2/DLON/H
 1258 1219 1171 1119 1065 1005  935  860  784  710  642  580  527  479  429  377
  326  284  255  234  223  230  267  332  405  466  510  546  587  628  653  647
  606  542  472  407  351  305  265  230  202  180  162  145  135  138  163  206
  260  313  365  423  493  573  658  747  836  923 1000 1060 1102 1131 1157 1187
 1220 1250 1270 1280 1282 1284 1286 1280 1258
    17.5-180.0 180.0   5.0 450.0                            LAT/LON1/LON2/DLON/H
 1324 1310 1287 1260 1225 1174 1104 1020  932  847  767  696  635  578  516  446
  375  316  276  253  245  260  306  381  463  528  570  600  635  670  691  679
  633  565  490  419  357  303  258  220  190  167  149  134  126  133  164  216
  278  338  395  457  529  607  686  764  840  915  980 1028 1056 1074 1093 1124
 1166 1211 1248 1271 1285 1298 1314 1325 1324
    15.0-180.0 180.0   5.0 450.0                            LAT/LON1/LON2/DLON/H
 1330 1337 1341 1343 1335 1303 1243 1162 1073  984  900  825  760  697  627  543
  457  387  343  321  315  330  376  449  529  589  622  642  663  686  696  676
  626  556  482  412  349  295  249  211  181  158  141  127  120  132  169  229
  297  363  425  490  563  638  708  772  832  889  938  970  984  988 1000 1031
 1081 1140 1190 1225 1247 1268 1291 1314 1330
    12.5-180.0 180.0   5.0 450.0                            LAT/LON1/LON2/DLON/H
 1280 1299 1323 1351 1370 1363 1321 1254 1176 1095 1016  945  882  821  749  660
  567  495  453  436  430  438  470  528  594  643  663  668  673  679  673  642
  587  520  452  391  336  288  246  210  181  158  140  124  118  132  173  238
  312  382  447  514  586  659  721  772  815  855  888  906  907  903  909  940
  995 1063 1123 1165 1191 1211 1234 1259 1280
    10.0-180.0 180.0   5.0 450.0                            LAT/LON1/LON2/DLON/H
 1196 1215 1246 1290 1329 1344 1325 1280 1222 1159 1094 1032  978  925  859  775
  688  623  592  582  575  567  574  606  651  684  692  682  669  656  631  586
  527  465  411  364  324  287  253  222  193  168  145  126  118  131  173  240
  316  387  453  522  595  666  724  766  797  824  845  854  851  844  849  880
  938 1009 1073 1116 1138 1152 1167 1182 1196
     7.5-180.0 180.0   5.0 450.0                            LAT/LON1/LON2/DLON/H
 1110 1115 1140 1184 1232 1261 1261 1240 1208 1168 1121 1071 1028  987  935  865
  793  746  733  734  723  695  671  672  694  712  710  689  660  626  581  523
  460  406  367  339  317  295  270  243  214  184  155  130  117  127  168  234
  309  379  444  514  589  662  720  758  784  805  822  831  831  830  840  873
  930  999 1059 1096 1111 1114 1114 1112 1110
     5.0-180.0 180.0   5.0 450.0                            LAT/LON1/LON2/DLON/H
 1051 1036 1043 1074 1116 1146 1157 1155 1145 1127 1095 1055 1020  991  956  907
  858  835  845  859  845  798  744  717  718  727  720  692  650  599  536  464
  398  352  329  321  316  307  291  267  236  200  164  133  115  121  159  222
  293  361  424  494  571  648  709  751  779  802  823  841  853  865  885  922
  975 1036 1086 1113 1117 1108 1093 1074 1051
     2.5-180.0 180.0   5.0 450.0                            LAT/LON1/LON2/DLON/H
 1038 1003  988  999 1023 1042 1052 1057 1062 1056 1031  993  960  938  918  890
  866  870  903  932  919  857  783  736  726  732  725  694  644  578  499  417
  349  310  300  307  316  318  307  284  250  209  168  132  111  115  150  209
  275  339  400  468  547  628  696  746  782  814  846  878  908  938  971 1011
 1059 1108 1144 1158 1151 1133 1109 1077 1038
