interface/IONEXdata/COD0OPSFIN_20240440000_01D_01H_GIM.INX
     1.0            IONOSPHERE MAPS     GNSS                IONEX VERSION / TYPE
ADDNEQ2 V5.5        AIUB                17-FEB-24 21:20     PGM / RUN BY / DATE 
CODE'S GLOBAL IONOSPHERE MAPS FOR DAY 044, 2024             COMMENT             
Global ionosphere maps (GIM) are generated on a daily basis DESCRIPTION         
at CODE using data from about 300 GNSS sites of the IGS and DESCRIPTION         
other institutions. The vertical total electron content     DESCRIPTION         
(VTEC) is modeled in a solar-geomagnetic reference frame    DESCRIPTION         
using a spherical harmonics expansion up to degree and      DESCRIPTION         
order 15. Piece-wise linear functions are used for          DESCRIPTION         
representation in the time domain. The time spacing of      DESCRIPTION         
their vertices is 1 hour, conforming with the epochs of the DESCRIPTION         
VTEC maps.                                                  DESCRIPTION         
To convert line-of-sight TEC into vertical TEC, a modified  DESCRIPTION         
single-layer model mapping function approximating the JPL   DESCRIPTION         
extended slab model mapping function is adopted. The        DESCRIPTION         
mapping function is evaluated at geodetic satellite         DESCRIPTION         
elevation angles. For the computation of the ionospheric    DESCRIPTION         
pierce points, a spherical layer with a radius of 6821 km   DESCRIPTION         
is assumed, implying geocentric, not geodetic IONEX         DESCRIPTION         
latitudes.                                                  DESCRIPTION         
Instrumental biases with respect to each involved GNSS code DESCRIPTION         
observable are estimated as constant values for each        DESCRIPTION         
day. They are modeled with one set of bias parameters for   DESCRIPTION         
each satellite and each station in case of GPS and for each DESCRIPTION         
satellite-station link in case of GLONASS. The code bias    DESCRIPTION         
datum is defined by zero-mean conditions imposed on the     DESCRIPTION         
satellite bias estimates. In this file, just GPS C1W-C2W    DESCRIPTION         
satellite and station bias values are included. The         DESCRIPTION         
complete set of GNSS code bias results is provided in an    DESCRIPTION         
additional Bias-SINEX file as pseudo-absolute values        DESCRIPTION         
specific to each observable.                                DESCRIPTION         
Note: These GIM results correspond to the results for the   DESCRIPTION         
middle day of a 3-day combination analysis solving for 73   DESCRIPTION         
times 256, or 18688 VTEC parameters and 3 daily sets of     DESCRIPTION         
GNSS code bias parameters.                                  DESCRIPTION         
Contact address: code(at)aiub.unibe.ch                      DESCRIPTION         
Data archive:    ftp.aiub.unibe.ch/CODE/                    DESCRIPTION         
                 www.aiub.unibe.ch/download/CODE/           DESCRIPTION         
  2024     2    13     0     0     0                        EPOCH OF FIRST MAP  
  2024     2    14     0     0     0                        EPOCH OF LAST MAP   
  3600                                                      INTERVAL            
[...]
badg bake bako barh bjfs bndy bogo bogt bor1 braz brft brst COMMENT             
brux cas1 ccj2 cedu chpg chti chur ckis coco cord cpvg cpxf COMMENT             
cro1 daej darw dav1 dgar dhlg drao dubo ebre faa1 fair flin COMMENT             
flrs frdn func ganp glps glsv gode gol2 gold gope gras graz COMMENT             
guam guat guug harb hers hert hlfx hnpt hob2 hofn holb hrao COMMENT             
hyde iddr ieng iisc impz ineg invk iqal irkj jog2 joz2 joze COMMENT             
karr kerg kir0 kiri kiru kit3 kokb kokv kouc koug kour krgg COMMENT             
lama laut lmmf lpal lpgs m0se mac1 madr mal2 mana mas1 mat1 COMMENT             
mate maw1 mcm4 mdo1 mdvj medi mets mgue mizu mkea mnls mobs COMMENT             
monp morp mqzg mro1 mtka nano naur nico nist nklg nlib nnor COMMENT             
not1 nrc1 nrmd ntus nya1 nyal onsa opmt ous2 pado park pdel COMMENT             
penc pert pie1 pimo pohn pol2 polv pots pove prds ptag ptbb COMMENT             
ptvl qaq1 quin rabt reun reyk rgdg rio2 roth salu samo sant COMMENT             
savo sch2 scor scrz sctb scub seyg sfer sofi spt0 ssia sthl COMMENT             
stjo stk2 str2 suth sutm sydn syog tabv tash thtg thti thu2 COMMENT             
tid1 tidb tlse tn22 tong tow2 tro1 tskb twtf txes uclu ufpr COMMENT             
ulab unb3 unbj unsa urum usn7 usud vald vill voim vtsp wab1 COMMENT             
wab2 wark wgtn whit will wind wsrt wtza wtzl wtzr wtzs wtzz COMMENT             
wuhn xmis yar2 yar3 yarr yell zeck zim2 zim3 zimm           COMMENT             
                                                            END OF HEADER       
[from data line 5148]
    13                                                      START OF TEC MAP    
  2024     2    13    12     0     0                        EPOCH OF CURRENT MAP
    87.5-180.0 180.0   5.0 450.0                            LAT/LON1/LON2/DLON/H
  193  195  197  199  201  203  204  205  206  207  208  208  208  208  208  208
  207  207  206  205  204  203  202  201  200  198  197  195  193  191  189  186
  184  181  178  175  172  169  166  162  159  156  153  151  148  146  144  143
  142  141  141  141  141  142  143  145  147  149  151  154  157  160  163  166
  169  172  175  179  182  184  187  190  193
    85.0-180.0 180.0   5.0 450.0                            LAT/LON1/LON2/DLON/H
  200  204  206  209  211  213  214  215  216  216  216  216  215  214  213  211
  210  209  207  206  205  204  203  202  201  201  200  199  198  196  195  192
  189  186  181  176  171  165  158  151  144  137  131  124  118  113  108  105
  102  101  100  101  102  105  108  112  117  123  128  134  140  146  152  158
  164  170  175  180  185  189  193  197  200
    82.5-180.0 180.0   5.0 450.0                            LAT/LON1/LON2/DLON/H
  203  205  207  208  209  210  210  210  209  208  206  204  201  198  195  191
  188  185  183  181  179  179  179  181  183  185  188  192  195  198  200  201
  201  199  196  191  184  176  167  156  145  134  122  111  102   93   86   80
   77   75   75   77   81   86   92  100  108  117  126  135  143  151  159  166
  172  178  183  187  191  195  198  200  203
    80.0-180.0 180.0   5.0 450.0                            LAT/LON1/LON2/DLON/H
  200  199  199  198  197  196  195  193  190  187  183  178  173  167  161  155
  149  144  140  137  136  136  139  143  149  157  166  177  187  197  207  214
  220  223  224  221  215  206  195  181  166  151  135  120  107   95   86   80
   76   75   77   81   87   96  105  116  127  139  150  160  170  178  185  190
  195  198  199  201  201  201  201  200  200
    77.5-180.0 180.0   5.0 450.0                            LAT/LON1/LON2/DLON/H
  193  189  186  183  180  177  174  171  167  161  155  148  140  132  123  114
  106   99   93   89   87   89   93  101  112  126  142  161  180  200  218  235
  249  258  264  265  261  253  241  225  208  189  170  153  137  124  114  107
  104  105  108  115  124  134  147  159  172  185  196  206  214  220  224  225
  225  223  220  216  211  206  201  197  193
    75.0-180.0 180.0   5.0 450.0                            LAT/LON1/LON2/DLON/H
  184  177  172  167  163  159  155  151  145  139  131  122  112  102   91   81
   71   62   55   51   49   51   57   68   83  103  126  152  180  209  236  262
  284  301  312  318  317  310  298  282  263  243  222  203  187  174  165  159
  158  160  165  172  182  194  206  218  230  241  250  257  261  263  261  257
  251  244  235  226  217  208  199  191  184
    72.5-180.0 180.0   5.0 450.0                            LAT/LON1/LON2/DLON/H
  174  166  160  154  150  146  142  137  132  124  116  106   96   85   74   64
   54   45   38   33   31   34   41   54   72   95  123  155  190  225  260  293
  321  344  361  371  373  369  358  342  323  303  282  264  249  237  229  225
  225  228  233  240  248  257  266  275  283  290  294  296  294  289  282  272
  260  248  236  224  213  202  192  182  174
    70.0-180.0 180.0   5.0 450.0                            LAT/LON1/LON2/DLON/H
  162  155  149  144  140  138  135  131  126  120  111  102   92   82   73   64
   56   49   43   38   37   40   48   61   80  105  135  170  208  247  285  322
  355  382  402  415  421  418  409  395  378  359  340  324  310  301  295  293
  293  295  297  300  303  306  309  312  313  313  311  306  298  286  272  257
  242  227  215  204  194  186  178  170  162
    67.5-180.0 180.0   5.0 450.0                            LAT/LON1/LON2/DLON/H
  148  143  137  134  132  131  131  129  126  121  114  106   98   90   84   78
   73   69   65   62   61   64   72   85  104  128  158  192  229  268  307  344
  378  407  429  445  452  452  446  435  420  403  387  373  362  355  351  349
  348  347  345  341  336  330  324  318  312  305  295  283  267  249  229  209
  192  179  169  164  161  159  157  153  148
    65.0-180.0 180.0   5.0 450.0                            LAT/LON1/LON2/DLON/H
  132  128  123  120  119  121  124  127  127  124  119  113  107  103  100   99
   98   96   94   93   93   96  103  115  133  156  183  214  248  284  320  355
  388  417  440  456  465  468  465  457  445  432  419  408  399  393  389  386
  383  377  368  356  341  325  310  295  281  267  251  232  210  186  161  138
  120  109  106  110  117  126  132  134  132
    62.5-180.0 180.0   5.0 450.0                            LAT/LON1/LON2/DLON/H
  116  111  105  101  101  106  113  119  124  124  121  117  114  112  113  116
  119  120  120  120  120  123  130  142  159  179  203  230  260  291  323  355
  386  413  435  452  463  468  468  464  456  446  436  427  419  413  408  403
  395  384  367  347  323  298  274  252  233  214  194  171  144  114   84   59
   41   34   38   53   72   92  107  115  116
    60.0-180.0 180.0   5.0 450.0                            LAT/LON1/LON2/DLON/H
  102   95   85   78   78   84   94  106  114  118  118  116  114  115  119  125
  130  133  134  134  135  138  146  158  174  193  214  237  263  290  319  348
  376  401  423  439  451  458  461  460  456  450  442  434  427  419  412  403
  392  375  352  325  294  262  233  207  185  165  143  118   88   55   22    0
    0    0    0    5   35   65   89  101  102
    57.5-180.0 180.0   5.0 450.0                            LAT/LON1/LON2/DLON/H
   96   84   68   57   53   60   73   89  101  109  111  110  109  111  116  124
  130  134  134  134  135  139  148  162  179  197  216  236  259  283  310  338
  365  389  410  425  437  445  450  452  451  448  442  435  427  418  408  396
  380  360  333  302  268  234  203  176  155  135  115   91   61   26    0    0
    0    0    0    0   17   54   82   96   96
    55.0-180.0 180.0   5.0 450.0                            LAT/LON1/LON2/DLON/H
   99   82   60   43   36   41   55   73   89   98  102  101  101  103  108  115
  121  123  123  122  123  130  142  158  176  195  213  232  253  277  304  332
  359  383  402  417  427  435  441  445  446  445  442  435  426  415  403  388
  370  348  321  290  256  223  193  169  150  134  118   96   69   35    0    0
    0    0    0    0   19   59   89  103   99
    52.5-180.0 180.0   5.0 450.0                            LAT/LON1/LON2/DLON/H
  113   92   65   43   32   35   48   66   82   93   97   96   94   95   99  104
  108  109  108  106  109  118  133  153  174  193  212  230  251  276  304  333
  361  385  403  417  426  432  437  441  444  445  442  436  427  415  402  386
  368  346  321  292  262  233  207  186  170  157  145  128  104   74   40    7
    0    0    0    4   40   78  107  120  113
    50.0-180.0 180.0   5.0 450.0                            LAT/LON1/LON2/DLON/H
  133  111   83   59   45   45   55   71   86   95   98   97   93   92   93   97
   99   98   96   95   99  112  131  155  178  199  217  235  256  282  311  342
  370  394  412  423  431  436  439  443  445  446  445  440  432  420  407  391
  374  354  332  308  283  258  235  216  202  191  182  169  151  127   98   67
   42   27   26   42   70  102  129  140  133
    47.5-180.0 180.0   5.0 450.0                            LAT/LON1/LON2/DLON/H
  153  135  110   88   74   71   77   88   99  106  107  104   99   95   95   96
   96   94   92   92  100  116  140  167  192  213  231  248  268  293  322  353
  381  405  422  434  441  445  447  448  450  450  450  446  440  430  417  402
  386  368  350  331  310  288  266  246  230  219  211  202  190  172  150  126
  102   83   74   79   97  122  145  157  153
    45.0-180.0 180.0   5.0 450.0                            LAT/LON1/LON2/DLON/H
  164  154  138  122  112  107  108  112  118  121  121  117  110  105  102  101
  101   99   97   99  110  131  159  189  215  235  251  266  284  306  333  361
  389  412  431  444  452  457  459  459  458  457  457  455  450  441  430  416
  400  384  369  352  334  313  289  265  244  228  218  212  204  194  180  163
  144  124  109  104  111  129  149  162  164
    42.5-180.0 180.0   5.0 450.0                            LAT/LON1/LON2/DLON/H
  162  162  158  152  147  142  139  136  136  136  134  130  123  116  112  111
  110  109  108  113  128  152  184  215  241  260  273  284  298  316  338  363
  388  412  433  450  463  472  475  475  472  469  468  466  463  456  445  431
  415  399  384  368  350  327  299  268  239  218  205  198  193  188  181  172
  159  141  123  110  109  120  137  153  162
    40.0-180.0 180.0   5.0 450.0                            LAT/LON1/LON2/DLON/H
  146  155  162  167  169  167  160  152  147  144  143  140  133  127  123  121
  121  120  120  127  145  173  207  239  264  280  290  298  307  319  336  356
  380  405  430  454  476  491  499  500  495  490  486  484  481  474  463  448
  432  415  398  382  363  336  302  263  226  198  181  172  167  163  160  157
  150  137  119  102   95  100  115  132  146
    37.5-180.0 180.0   5.0 450.0                            LAT/LON1/LON2/DLON/H
  121  136  151  165  174  174  166  154  146  143  144  143  138  133  130  128
  128  127  128  137  156  187  222  254  278  292  300  305  310  317  329  346
  369  397  429  461  493  518  532  536  531  523  517  513  508  501  489  473
  454  436  419  401  381  351  311  265  222  190  170  159  150  142  136  134
  132  124  109   91   80   80   91  106  121
    35.0-180.0 180.0   5.0 450.0                            LAT/LON1/LON2/DLON/H
   99  112  128  147  161  164  155  143  135  134  137  139  138  134  132  131
  130  129  129  138  159  191  227  258  281  294  300  304  308  313  324  341
  366  398  436  478  519  554  577  584  580  570  562  555  549  539  525  508
  490  471  454  437  417  387  344  294  248  215  195  182  166  149  134  128
  126  122  110   93   80   76   80   89   99
    32.5-180.0 180.0   5.0 450.0                            LAT/LON1/LON2/DLON/H
   90   94  106  124  138  142  134  123  117  119  126  131  133  131  130  129
  127  124  124  132  153  186  222  253  275  287  295  301  307  315  329  350
  380  417  461  509  558  602  632  645  642  631  621  612  603  591  576  559
  542  526  512  498  481  453  411  361  316  286  269  255  232  201  173  157
  151  148  138  122  106   97   93   91   90
    30.0-180.0 180.0   5.0 450.0                            LAT/LON1/LON2/DLON/H
  105   95   96  106  117  119  112  103  100  105  115  123  127  127  127  125
  122  116  114  122  144  178  214  244  264  278  289  300  314  330  352  382
  419  461  507  557  610  658  694  711  711  701  690  681  670  656  640  625
  612  602  593  585  573  551  513  468  427  403  391  378  347  303  258  229
  217  211  201  183  164  148  135  120  105
    27.5-180.0 180.0   5.0 450.0                            LAT/LON1/LON2/DLON/H
  146  121  108  107  110  107  100   92   92   99  110  119  123  124  123  121
  115  107  104  112  136  171  207  235  255  271  287  308  333  362  397  438
  484  529  574  620  670  718  757  777  779  771  763  754  743  728  712  701
  694  692  690  689  685  669  639  598  564  546  541  529  494  438  379  339
  319  308  294  272  247  224  202  175  146
    25.0-180.0 180.0   5.0 450.0                            LAT/LON1/LON2/DLON/H
  207  171  145  131  123  114  104   96   97  104  113  119  121  122  121  118
  110  101   97  107  134  170  205  233  252  270  294  326  366  411  461  515
  568  614  653  690  731  775  812  833  837  833  828  823  814  799  785  777
  778  783  788  794  796  787  763  728  698  685  685  675  638  576  511  464
  438  423  402  373  341  311  281  246  207
    22.5-180.0 180.0   5.0 450.0                            LAT/LON1/LON2/DLON/H
  276  235  202  177  158  141  126  117  115  119  123  124  123  121  120  116
  107   97   95  109  139  177  212  238  257  279  311  355  410  471  536  601
  659  702  733  757  786  820  853  873  879  879  879  880  874  861  848  844
  849  859  869  877  883  879  859  827  798  786  787  779  744  684  620  575
  550  531  504  466  426  389  355  318  276
    20.0-180.0 180.0   5.0 450.0                            LAT/LON1/LON2/DLON/H
  337  300  266  235  207  181  161  148  143  141  137  130  124  120  118  113
  104   96   98  117  151  191  225  250  270  296  336  392  460  535  611  682
  741  780  800  811  826  851  876  894  900  904  911  918  917  906  895  891
  898  908  916  923  928  925  906  872  840  823  821  812  781  731  680  646
  628  610  578  532  483  442  407  373  337
    17.5-180.0 180.0   5.0 450.0                            LAT/LON1/LON2/DLON/H
  376  350  321  290  257  225  200  183  173  163  150  135  123  117  113  108
  101   96  104  129  167  208  242  266  288  318  366  432  510  592  673  746
  802  835  845  845  849  864  883  897  903  910  922  936  941  932  920  915
  918  922  923  923  922  916  894  857  817  790  779  767  742  705  674  660
  656  643  609  557  503  458  425  400  376
    15.0-180.0 180.0   5.0 450.0                            LAT/LON1/LON2/DLON/H
  385  373  355  328  294  260  232  213  197  180  158  135  118  110  106  102
   96   96  110  141  184  226  259  284  309  344  398  470  552  636  714  782
  832  859  863  857  855  863  877  887  892  901  919  938  947  941  927  916
  911  905  894  882  872  860  834  791  741  701  677  658  637  617  608  617
  631  628  597  543  486  440  411  395  385
    12.5-180.0 180.0   5.0 450.0                            LAT/LON1/LON2/DLON/H
  367  369  362  342  311  277  250  230  211  188  160  132  112  102   98   94
   91   96  117  153  198  241  274  301  331  372  430  503  583  662  732  790
  832  853  857  851  848  854  865  872  876  886  906  930  943  937  920  903
  887  869  844  819  799  781  750  701  642  588  548  520  501  494  506  537
  567  576  551  501  445  400  374  365  367
    10.0-180.0 180.0   5.0 450.0                            LAT/LON1/LON2/DLON/H
  335  344  345  330  304  275  251  233  215  189  157  127  105   94   90   87
   87   96  122  164  210  253  288  319  354  400  460  530  603  670  727  773
  807  826  833  832  834  841  851  858  861  872  893  919  934  929  910  886
  860  830  793  757  730  707  674  622  555  488  435  396  375  375  401  446
  489  507  492  451  401  359  333  327  335
     7.5-180.0 180.0   5.0 450.0                            LAT/LON1/LON2/DLON/H
  305  314  316  303  281  258  240  227  210  186  154  124  102   91   86   83
   85   98  128  173  221  264  301  337  379  429  488  551  612  665  708  741
  768  789  802  810  819  830  841  848  852  863  884  909  925  921  902  874
  843  805  762  722  693  669  636  582  511  437  372  324  297  297  326  374
  420  446  442  413  373  335  309  300  305
     5.0-180.0 180.0   5.0 450.0                            LAT/LON1/LON2/DLON/H
  295  296  291  275  255  237  225  217  205  183  155  127  106   95   89   85
   87  103  135  181  230  275  315  357  405  458  512  565  612  651  681  705
  728  751  773  791  806  821  834  844  850  861  880  903  918  917  900  874
  843  806  765  728  702  681  651  599  527  450  379  323  289  282  303  342
  383  410  416  402  376  344  316  300  295
     2.5-180.0 180.0   5.0 450.0                            LAT/LON1/LON2/DLON/H
  317  303  285  262  240  224  217  212  204  187  163  139  120  107   98   92
   94  109  144  191  241  287  332  380  432  485  532  573  607  634  655  674
  696  723  752  776  797  814  830  842  852  863  879  898  912  914  904  885
  861  833  802  778  761  746  718  668  599  522  451  392  352  333  338  359
  385  407  421  422  411  387  359  334  317
