interface/IONEXdata/COD0OPSFIN_20240340000_01D_01H_GIM.INX
     1.0            IONOSPHERE MAPS     GNSS                IONEX VERSION / TYPE
ADDNEQ2 V5.5        AIUB                07-FEB-24 21:34     PGM / RUN BY / DATE 
CODE'S GLOBAL IONOSPHERE MAPS FOR DAY 034, 2024             COMMENT             
Global ionosphere maps (GIM) are generated on a daily basis DESCRIPTION         
at CODE using data from about 300 GNSS sites of the IGS and DESCRIPTION         
other institutions. The vertical total electron content     DESCRIPTION         
(VTEC) is modeled in a solar-geomagnetic reference frame    DESCRIPTION         
using a spherical harmonics expansion up to degree and      DESCRIPTION         
order 15. Piece-wise linear functions are used for          DESCRIPTION         
representation in the time domain. The time spacing of      DESCRIPTION         
their vertices is 1 hour, conforming with the epochs of the DESCRIPTION         
VTEC maps.                                                  DESCRIPTION         
To convert line-of-sight TEC into vertical TEC, a modified  DESCRIPTION         
single-layer model mapping function approximating the JPL   DESCRIPTION         
extended slab model mapping function is adopted. The        DESCRIPTION         
mapping function is evaluated at geodetic satellite         DESCRIPTION         
elevation angles. For the computation of the ionospheric    DESCRIPTION         
pierce points, a spherical layer with a radius of 6821 km   DESCRIPTION         
is assumed, implying geocentric, not geodetic IONEX         DESCRIPTION         
latitudes.                                                  DESCRIPTION         
Instrumental biases with respect to each involved GNSS code DESCRIPTION         
observable are estimated as constant values for each        DESCRIPTION         
day. They are modeled with one set of bias parameters for   DESCRIPTION         
each satellite and each station in case of GPS and for each DESCRIPTION         
satellite-station link in case of GLONASS. The code bias    DESCRIPTION         
datum is defined by zero-mean conditions imposed on the     DESCRIPTION         
satellite bias estimates. In this file, just GPS C1W-C2W    DESCRIPTION         
satellite and station bias values are included. The         DESCRIPTION         
complete set of GNSS code bias results is provided in an    DESCRIPTION         
additional Bias-SINEX file as pseudo-absolute values        DESCRIPTION         
specific to each observable.                                DESCRIPTION         
Note: These GIM results correspond to the results for the   DESCRIPTION         
middle day of a 3-day combination analysis solving for 73   DESCRIPTION         
times 256, or 18688 VTEC parameters and 3 daily sets of     DESCRIPTION         
GNSS code bias parameters.                                  DESCRIPTION         
Contact address: code(at)aiub.unibe.ch                      DESCRIPTION         
Data archive:    ftp.aiub.unibe.ch/CODE/                    DESCRIPTION         
                 www.aiub.unibe.ch/download/CODE/           DESCRIPTION         
  2024     2     3     0     0     0                        EPOCH OF FIRST MAP  
  2024     2     4     0     0     0                        EPOCH OF LAST MAP   
  3600                                                      INTERVAL            
[...]
badg bake bako barh bndy boav bogo bogt bor1 braz brft brst COMMENT             
brux cas1 ccj2 cedu chpg chti ckis coco cord cpvg cpxf cro1 COMMENT             
daej darw dav1 dgar dhlg drao dubo ebre faa1 fair flin flrs COMMENT             
frdn func ganp glps glsv gode gol2 gold gope gras graz guam COMMENT             
guat guug harb hers hert hlfx hnpt hob2 hofn holb hrao hyde COMMENT             
iddr ieng iisc impz invk iqal jog2 joz2 joze karr kerg kir0 COMMENT             
kiri kiru kit3 kokb kokv koug kour krgg lama laut lmmf lpal COMMENT             
lpgs m0se mac1 madr mal2 mana mas1 mat1 mate maw1 mcm4 mdo1 COMMENT             
medi mets mgue mizu mkea mnls mobs monp morp mqzg mro1 mtka COMMENT             
nano naur nico nist nklg nlib nnor not1 nrc1 ntus nya1 nyal COMMENT             
onsa opmt ous2 pado parc park pdel penc pert pie1 pimo pol2 COMMENT             
polv pots pove prds ptbb ptvl qaq1 quin rabt reso reun reyk COMMENT             
rgdg rio2 roth salu samo savo sch2 scor scrz sctb scub seyg COMMENT             
sfer smst sofi spt0 ssia sthl stjo stk2 str2 suth sutm sydn COMMENT             
syog tabv tash thtg thti thu2 tidb tlse tn22 tong tow2 tro1 COMMENT             
tskb twtf txes uclu ufpr ulab unb3 unbj unsa urum usn7 usud COMMENT             
vald vill voim vtsp wab1 wab2 wark wgtn whit will wind wsrt COMMENT             
wtza wtzl wtzr wtzs wtzz wuhn xmis yar2 yar3 yarr yell ykro COMMENT             
zeck zim2 zim3 zimm                                         COMMENT             
                                                            END OF HEADER       
[from data line 9867]
    24                                                      START OF TEC MAP    
  2024     2     3    23     0     0                        EPOCH OF CURRENT MAP
    87.5-180.0 180.0   5.0 450.0                            LAT/LON1/LON2/DLON/H
  109  112  115  118  121  124  127  129  131  134  135  137  138  139  140  140
  140  140  139  139  137  136  134  132  129  127  124  121  118  115  112  108
  105  101   98   94   91   88   84   81   79   76   74   71   70   68   67   66
   65   64   64   64   65   65   66   67   69   70   72   74   76   78   80   83
   85   88   91   93   96   99  102  106  109
    85.0-180.0 180.0   5.0 450.0                            LAT/LON1/LON2/DLON/H
  120  126  132  138  144  150  156  161  166  171  175  179  181  183  185  185
  185  185  183  181  179  176  172  168  164  160  155  149  144  138  132  126
  120  113  107  100   93   87   81   75   69   64   60   56   52   50   48   46
   45   45   46   47   48   50   52   54   57   59   62   65   68   72   75   78
   82   86   90   94   99  104  109  114  120
    82.5-180.0 180.0   5.0 450.0                            LAT/LON1/LON2/DLON/H
  128  136  144  153  163  172  181  190  198  205  212  217  221  223  225  225
  224  222  219  216  212  208  203  199  193  188  182  176  170  164  157  149
  141  133  125  116  107   98   89   81   73   65   59   53   49   45   43   41
   41   42   44   46   49   52   56   59   63   66   69   72   75   78   81   84
   87   91   94   98  103  108  114  121  128
    80.0-180.0 180.0   5.0 450.0                            LAT/LON1/LON2/DLON/H
  134  143  153  165  177  190  202  214  225  235  243  249  253  255  255  253
  250  246  241  235  230  225  220  215  210  206  201  196  191  186  180  173
  166  158  149  139  129  119  108   97   87   78   69   62   57   53   51   50
   51   53   57   61   65   70   75   79   83   86   88   91   93   94   95   97
   98  100  102  105  109  113  119  126  134
    77.5-180.0 180.0   5.0 450.0                            LAT/LON1/LON2/DLON/H
  140  150  162  175  190  206  221  236  250  261  269  275  277  276  273  267
  260  252  244  236  230  224  219  215  212  210  208  206  203  200  196  192
  186  179  171  163  153  142  130  119  107   97   87   79   72   68   67   67
   70   74   79   85   92   97  102  106  109  111  112  113  113  112  112  111
  111  112  112  114  117  120  125  132  140
    75.0-180.0 180.0   5.0 450.0                            LAT/LON1/LON2/DLON/H
  152  162  175  189  206  223  241  258  273  285  293  296  295  290  281  270
  257  244  232  222  213  207  203  201  201  201  201  202  202  202  201  198
  195  190  185  177  169  159  148  137  125  114  104   95   89   85   84   86
   91   97  105  112  120  126  130  133  134  134  133  131  129  127  125  124
  123  123  124  126  128  132  137  143  152
    72.5-180.0 180.0   5.0 450.0                            LAT/LON1/LON2/DLON/H
  172  182  194  209  227  245  264  282  297  308  314  315  309  298  283  265
  246  228  212  198  189  183  180  180  181  183  185  187  189  190  190  189
  188  185  181  176  170  163  154  144  134  123  114  105   99   96   97  100
  107  115  125  134  142  148  151  151  150  147  143  139  135  132  131  130
  131  133  136  140  145  150  156  163  172
    70.0-180.0 180.0   5.0 450.0                            LAT/LON1/LON2/DLON/H
  200  210  222  236  253  271  290  308  322  332  336  333  322  306  284  260
  235  212  192  176  166  160  157  158  160  162  164  165  166  166  166  165
  163  162  159  157  153  149  143  136  129  120  112  105  100   98  100  105
  113  124  135  145  153  158  159  157  152  146  140  135  131  128  128  130
  135  140  148  156  164  173  182  191  200
    67.5-180.0 180.0   5.0 450.0                            LAT/LON1/LON2/DLON/H
  233  243  253  266  281  298  316  333  347  355  356  350  336  316  290  261
  232  205  182  164  152  146  143  143  143  143  143  141  139  136  133  130
  127  125  123  122  120  119  117  114  110  105  100   94   90   89   91   98
  107  119  132  142  150  154  153  149  141  133  126  120  117  116  119  125
  133  144  157  171  185  199  212  223  233
    65.0-180.0 180.0   5.0 450.0                            LAT/LON1/LON2/DLON/H
  266  275  284  294  306  321  338  354  366  373  373  366  351  329  302  272
  241  211  186  167  154  146  141  138  135  132  126  120  113  107  100   94
   89   85   82   81   81   81   83   84   84   83   80   76   73   72   75   81
   91  104  117  128  135  138  135  129  121  112  105  100   99  101  107  116
  128  144  162  183  204  224  241  256  266
    62.5-180.0 180.0   5.0 450.0                            LAT/LON1/LON2/DLON/H
  294  302  308  315  325  338  352  366  377  383  383  376  363  344  320  292
  262  232  206  185  170  159  151  144  137  127  117  106   95   85   76   68
   60   54   49   46   45   46   49   53   57   59   59   57   55   54   55   60
   70   82   94  105  112  114  111  104   96   88   82   80   82   87   95  107
  122  141  164  190  217  243  266  282  294
    60.0-180.0 180.0   5.0 450.0                            LAT/LON1/LON2/DLON/H
  312  318  321  326  334  345  358  371  380  385  384  380  371  359  341  318
  292  263  237  214  195  181  169  157  144  130  115  101   88   77   67   57
   48   39   32   26   23   23   27   32   38   42   44   43   41   39   38   42
   50   60   72   81   88   89   86   80   73   67   65   66   71   78   89  102
  118  138  164  193  225  255  281  300  312
    57.5-180.0 180.0   5.0 450.0                            LAT/LON1/LON2/DLON/H
  320  325  326  328  335  346  358  369  376  379  378  376  374  369  360  345
  324  297  270  245  223  205  188  172  154  137  120  105   93   83   74   66
   56   46   35   27   21   19   20   25   31   36   39   39   36   32   30   32
   37   45   55   63   68   68   66   61   56   54   55   59   67   77   89  101
  117  137  162  193  227  261  289  309  320
    55.0-180.0 180.0   5.0 450.0                            LAT/LON1/LON2/DLON/H
  322  324  325  327  334  345  358  367  371  371  368  368  370  374  375  367
  351  326  298  270  246  224  204  184  164  144  128  115  106  100   94   88
   79   68   56   45   37   32   31   33   38   43   45   45   42   37   34   33
   37   42   49   55   58   57   55   52   49   50   54   61   71   83   94  106
  120  138  162  192  227  262  291  311  322
    52.5-180.0 180.0   5.0 450.0                            LAT/LON1/LON2/DLON/H
  320  323  324  327  337  350  364  372  372  366  359  358  364  374  382  381
  368  344  315  286  259  236  214  192  170  151  137  128  123  121  119  114
  107   96   85   74   64   57   53   53   55   58   60   59   56   52   48   47
   49   53   57   59   59   57   54   52   52   54   60   69   81   93  104  115
  127  143  165  194  228  261  290  310  320
    50.0-180.0 180.0   5.0 450.0                            LAT/LON1/LON2/DLON/H
  321  325  328  335  349  366  381  387  383  370  357  352  357  371  383  385
  374  350  320  291  264  241  218  196  175  157  145  139  138  138  138  134
  127  119  109  100   91   84   79   76   76   77   79   78   76   73   71   71
   73   75   76   75   72   67   63   61   61   64   70   80   91  104  116  126
  137  152  172  199  231  263  291  311  321
    47.5-180.0 180.0   5.0 450.0                            LAT/LON1/LON2/DLON/H
  327  334  341  353  370  391  408  414  405  385  364  353  355  368  380  383
  371  347  318  290  266  244  222  200  179  163  152  148  147  146  144  139
  133  126  119  114  110  105  101   98   96   96   97   97   97   97   97   99
  102  104  103   98   91   84   78   74   74   76   81   89  101  113  126  138
  149  163  182  207  237  267  294  314  327
    45.0-180.0 180.0   5.0 450.0                            LAT/LON1/LON2/DLON/H
  336  348  360  376  397  421  440  446  434  408  381  362  359  368  378  378
  365  342  315  291  270  250  228  206  185  169  158  152  149  144  137  129
  121  116  114  115  116  116  115  112  110  109  111  113  115  118  121  126
  131  133  130  123  112  102   93   88   86   87   90   97  107  120  134  147
  160  174  193  216  244  273  299  320  336
    42.5-180.0 180.0   5.0 450.0                            LAT/LON1/LON2/DLON/H
  346  363  379  399  422  448  468  474  462  434  402  378  370  373  379  376
  362  341  319  299  282  263  240  216  194  176  164  154  146  135  123  111
  102   98  100  106  113  118  120  119  117  118  120  124  128  133  139  147
  153  156  153  143  130  116  106   99   95   94   95  100  111  125  141  156
  170  184  202  225  252  279  304  327  346
    40.0-180.0 180.0   5.0 450.0                            LAT/LON1/LON2/DLON/H
  353  374  394  415  437  461  481  489  479  454  422  396  384  383  384  379
  366  349  333  319  303  283  257  230  205  186  171  158  145  129  113   99
   90   87   91  100  110  118  122  122  122  123  127  132  137  143  150  158
  166  169  166  155  140  125  112  104   99   97   97  102  113  129  147  163
  178  192  210  231  256  282  307  331  353
    37.5-180.0 180.0   5.0 450.0                            LAT/LON1/LON2/DLON/H
  356  379  399  418  437  457  475  485  481  462  435  411  398  394  392  386
  377  366  356  346  330  306  275  244  218  198  183  169  153  137  121  109
  101   99  103  109  117  124  126  126  127  129  133  138  142  147  153  160
  167  171  167  157  142  126  113  104   98   96   97  104  116  135  154  172
  185  198  215  235  259  283  308  332  356
    35.0-180.0 180.0   5.0 450.0                            LAT/LON1/LON2/DLON/H
  354  377  395  410  423  437  452  464  466  456  438  421  409  404  401  397
  392  388  384  376  356  325  288  255  231  215  203  192  180  168  159  154
  150  148  146  145  143  142  140  137  135  137  140  144  146  148  150  155
  160  162  159  150  136  121  108   99   94   93   97  106  123  144  165  182
  195  205  219  239  261  284  307  330  354
    32.5-180.0 180.0   5.0 450.0                            LAT/LON1/LON2/DLON/H
  352  372  388  397  403  411  422  435  443  443  435  425  417  412  409  407
  407  408  408  397  371  332  292  262  245  239  236  232  228  227  230  235
  238  233  222  206  189  174  162  154  149  148  150  151  151  148  146  146
  147  148  145  138  126  113  100   92   88   89   97  111  132  157  181  197
  207  215  228  246  268  290  311  331  352
    30.0-180.0 180.0   5.0 450.0                            LAT/LON1/LON2/DLON/H
  357  373  385  391  392  395  401  413  424  431  432  429  424  419  416  414
  416  420  419  403  369  326  288  267  265  274  284  290  297  309  327  344
  352  344  319  284  247  215  191  175  165  161  160  159  155  149  142  137
  135  133  130  125  116  104   93   85   82   87   98  118  145  174  200  217
  225  232  243  261  282  304  322  340  357
    27.5-180.0 180.0   5.0 450.0                            LAT/LON1/LON2/DLON/H
  374  387  397  403  405  405  408  415  425  434  440  441  437  430  423  419
  419  421  415  392  351  307  279  277  296  324  347  364  381  404  434  460
  470  456  415  359  302  254  219  196  181  173  169  166  160  151  141  133
  127  122  118  114  108   98   88   80   78   86  102  128  159  193  222  241
  250  256  268  286  309  329  346  360  374
    25.0-180.0 180.0   5.0 450.0                            LAT/LON1/LON2/DLON/H
  406  418  431  443  451  454  453  453  457  464  470  470  464  452  437  425
  419  414  399  368  325  288  277  299  344  389  423  446  466  494  528  556
  565  541  486  412  339  279  237  210  192  181  175  170  163  154  144  133
  124  117  111  108  103   96   86   78   77   87  108  138  175  213  245  267
  279  288  302  323  346  367  383  395  406
    22.5-180.0 180.0   5.0 450.0                            LAT/LON1/LON2/DLON/H
  454  469  489  513  533  542  540  531  524  523  525  523  511  490  464  440
  422  406  381  344  303  280  294  344  411  470  506  524  538  559  587  609
  610  577  511  427  345  282  240  215  197  185  176  171  165  158  149  139
  128  117  109  105  102   96   86   79   79   91  115  149  189  231  268  294
  312  327  344  367  392  413  430  442  454
    20.0-180.0 180.0   5.0 450.0                            LAT/LON1/LON2/DLON/H
  511  532  564  604  642  661  658  639  619  608  604  597  580  549  510  472
  439  409  375  335  303  299  339  414  496  556  583  586  582  585  595  603
  592  552  483  398  319  262  230  211  197  185  175  170  166  162  156  147
  135  122  111  106  103   98   89   82   83   97  124  160  203  247  288  320
  345  366  389  415  440  462  480  496  511
    17.5-180.0 180.0   5.0 450.0                            LAT/LON1/LON2/DLON/H
  570  600  645  704  760  791  787  759  726  705  696  687  665  627  576  523
  475  433  393  356  337  354  417  507  590  637  641  617  587  564  549  537
  515  473  409  335  271  230  212  205  197  185  175  169  167  167  164  156
  143  128  114  107  104  100   92   86   88  104  133  171  215  261  305  343
  375  403  432  459  484  507  529  549  570
    15.0-180.0 180.0   5.0 450.0                            LAT/LON1/LON2/DLON/H
  623  662  720  795  866  907  903  866  823  796  786  779  758  716  657  593
  534  484  443  413  409  445  521  611  679  697  667  610  549  498  459  428
  400  364  315  262  219  199  200  205  203  191  179  172  170  171  170  164
  151  133  117  108  105  102   95   91   95  112  143  182  226  273  319  360
  398  433  466  495  520  543  568  594  623
    12.5-180.0 180.0   5.0 450.0                            LAT/LON1/LON2/DLON/H
  664  709  776  861  943  989  984  940  891  863  857  857  842  802  743  675
  612  560  523  504  514  561  637  711  745  722  652  561  474  402  345  304
  277  256  231  204  187  188  204  219  219  206  190  179  176  176  175  169
  156  138  121  110  106  104  100   97  102  121  152  192  237  284  329  372
  413  453  490  519  543  567  595  628  664
    10.0-180.0 180.0   5.0 450.0                            LAT/LON1/LON2/DLON/H
  689  738  807  895  980 1026 1017  969  919  895  898  908  903  873  820  756
  696  650  622  616  637  685  745  786  775  704  594  478  377  296  236  197
  183  184  188  188  192  209  234  251  249  230  208  193  185  183  180  173
  161  143  126  115  111  110  106  105  111  129  161  201  247  293  337  378
  420  462  501  530  554  578  610  648  689
     7.5-180.0 180.0   5.0 450.0                            LAT/LON1/LON2/DLON/H
  701  750  815  899  978 1019 1005  956  909  892  905  926  933  915  874  822
  773  739  723  728  754  792  826  823  761  643  503  375  277  207  159  136
  143  172  203  225  243  265  289  300  289  262  232  210  198  191  185  178
  167  152  137  127  122  120  117  115  120  138  168  209  255  301  342  379
  419  461  500  531  555  581  616  658  701
     5.0-180.0 180.0   5.0 450.0                            LAT/LON1/LON2/DLON/H
  705  749  807  880  948  980  962  913  872  864  885  913  929  923  897  862
  829  808  806  820  844  865  864  815  706  552  396  275  198  155  134  138
  171  225  277  313  334  350  362  359  334  295  257  230  213  202  193  186
  178  167  155  146  141  137  132  128  131  145  174  215  262  307  345  378
  412  452  492  524  550  578  616  661  705
     2.5-180.0 180.0   5.0 450.0                            LAT/LON1/LON2/DLON/H
  705  745  793  854  909  932  910  865  831  829  852  880  899  901  889  870
  853  847  855  874  891  892  858  769  624  452  298  200  159  155  169  202
  259  331  394  431  444  445  437  415  374  323  279  248  229  215  205  198
  194  189  182  174  167  160  151  143  141  152  178  218  266  312  347  374
  403  438  478  512  541  573  615  661  705
