interface/IONEXdata/COD0OPSFIN_20240440000_01D_01H_GIM.INX
     1.0            IONOSPHERE MAPS     GNSS                IONEX VERSION / TYPE
ADDNEQ2 V5.5        AIUB                17-FEB-24 21:20     PGM / RUN BY / DATE 
CODE'S GLOBAL IONOSPHERE MAPS FOR DAY 044, 2024             COMMENT             
Global ionosphere maps (GIM) are generated on a daily basis DESCRIPTION         
at CODE using data from about 300 GNSS sites of the IGS and DESCRIPTION         
other institutions. The vertical total electron content     DESCRIPTION         
(VTEC) is modeled in a solar-geomagnetic reference frame    DESCRIPTION         
using a spherical harmonics expansion up to degree and      DESCRIPTION         
order 15. Piece-wise linear functions are used for          DESCRIPTION         
representation in the time domain. The time spacing of      DESCRIPTION         
their vertices is 1 hour, conforming with the epochs of the DESCRIPTION         
VTEC maps.                                                  DESCRIPTION         
To convert line-of-sight TEC into vertical TEC, a modified  DESCRIPTION         
single-layer model mapping function approximating the JPL   DESCRIPTION         
extended slab model mapping function is adopted. The        DESCRIPTION         
mapping function is evaluated at geodetic satellite         DESCRIPTION         
elevation angles. For the computation of the ionospheric    DESCRIPTION         
pierce points, a spherical layer with a radius of 6821 km   DESCRIPTION         
is assumed, implying geocentric, not geodetic IONEX         DESCRIPTION         
latitudes.                                                  DESCRIPTION         
Instrumental biases with respect to each involved GNSS code DESCRIPTION         
observable are estimated as constant values for each        DESCRIPTION         
day. They are modeled with one set of bias parameters for   DESCRIPTION         
each satellite and each station in case of GPS and for each DESCRIPTION         
satellite-station link in case of GLONASS. The code bias    DESCRIPTION         
datum is defined by zero-mean conditions imposed on the     DESCRIPTION         
satellite bias estimates. In this file, just GPS C1W-C2W    DESCRIPTION         
satellite and station bias values are included. The         DESCRIPTION         
complete set of GNSS code bias results is provided in an    DESCRIPTION         
additional Bias-SINEX file as pseudo-absolute values        DESCRIPTION         
specific to each observable.                                DESCRIPTION         
Note: These GIM results correspond to the results for the   DESCRIPTION         
middle day of a 3-day combination analysis solving for 73   DESCRIPTION         
times 256, or 18688 VTEC parameters and 3 daily sets of     DESCRIPTION         
GNSS code bias parameters.                                  DESCRIPTION         
Contact address: code(at)aiub.unibe.ch                      DESCRIPTION         
Data archive:    ftp.aiub.unibe.ch/CODE/                    DESCRIPTION         
                 www.aiub.unibe.ch/download/CODE/           DESCRIPTION         
  2024     2    13     0     0     0                        EPOCH OF FIRST MAP  
  2024     2    14     0     0     0                        EPOCH OF LAST MAP   
  3600                                                      INTERVAL            
[...]
badg bake bako barh bjfs bndy bogo bogt bor1 braz brft brst COMMENT             
brux cas1 ccj2 cedu chpg chti chur ckis coco cord cpvg cpxf COMMENT             
cro1 daej darw dav1 dgar dhlg drao dubo ebre faa1 fair flin COMMENT             
flrs frdn func ganp glps glsv gode gol2 gold gope gras graz COMMENT             
guam guat guug harb hers hert hlfx hnpt hob2 hofn holb hrao COMMENT             
hyde iddr ieng iisc impz ineg invk iqal irkj jog2 joz2 joze COMMENT             
karr kerg kir0 kiri kiru kit3 kokb kokv kouc koug kour krgg COMMENT             
lama laut lmmf lpal lpgs m0se mac1 madr mal2 mana mas1 mat1 COMMENT             
mate maw1 mcm4 mdo1 mdvj medi mets mgue mizu mkea mnls mobs COMMENT             
monp morp mqzg mro1 mtka nano naur nico nist nklg nlib nnor COMMENT             
not1 nrc1 nrmd ntus nya1 nyal onsa opmt ous2 pado park pdel COMMENT             
penc pert pie1 pimo pohn pol2 polv pots pove prds ptag ptbb COMMENT             
ptvl qaq1 quin rabt reun reyk rgdg rio2 roth salu samo sant COMMENT             
savo sch2 scor scrz sctb scub seyg sfer sofi spt0 ssia sthl COMMENT             
stjo stk2 str2 suth sutm sydn syog tabv tash thtg thti thu2 COMMENT             
tid1 tidb tlse tn22 tong tow2 tro1 tskb twtf txes uclu ufpr COMMENT             
ulab unb3 unbj unsa urum usn7 usud vald vill voim vtsp wab1 COMMENT             
wab2 wark wgtn whit will wind wsrt wtza wtzl wtzr wtzs wtzz COMMENT             
wuhn xmis yar2 yar3 yarr yell zeck zim2 zim3 zimm           COMMENT             
                                                            END OF HEADER       
[from data line 4719]
    12                                                      START OF TEC MAP    
  2024     2    13    11     0     0                        EPOCH OF CURRENT MAP
    87.5-180.0 180.0   5.0 450.0                            LAT/LON1/LON2/DLON/H
  127  130  133  136  139  142  145  147  149  152  154  155  157  159  160  161
  162  163  164  165  165  165  166  166  166  165  165  164  164  162  161  160
  158  156  153  150  147  144  141  137  133  129  125  121  117  113  110  106
  103  100   97   95   93   91   90   90   90   90   91   92   93   95   97   99
  102  105  108  111  114  117  120  124  127
    85.0-180.0 180.0   5.0 450.0                            LAT/LON1/LON2/DLON/H
  131  136  141  145  149  153  157  160  162  165  167  168  170  171  172  172
  173  174  174  175  176  177  178  179  180  181  182  183  184  185  185  184
  183  182  179  176  171  166  160  153  146  138  129  120  111  102   94   86
   79   72   66   62   58   56   54   54   55   57   59   62   66   71   76   81
   86   92   98  104  109  115  121  126  131
    82.5-180.0 180.0   5.0 450.0                            LAT/LON1/LON2/DLON/H
  143  148  152  156  160  162  165  167  168  168  169  168  168  167  166  164
  163  162  162  161  162  162  164  167  170  174  178  183  188  193  198  202
  205  207  207  206  203  198  192  183  173  161  148  135  121  107   94   82
   70   61   53   47   43   41   40   42   45   49   54   60   67   74   81   88
   95  102  109  115  122  127  133  138  143
    80.0-180.0 180.0   5.0 450.0                            LAT/LON1/LON2/DLON/H
  160  163  165  166  168  168  168  167  166  164  161  158  154  150  146  142
  138  134  132  130  129  129  131  135  140  147  156  166  177  188  200  211
  221  229  236  240  241  238  233  225  214  200  184  168  150  132  115   99
   86   74   65   59   56   55   58   62   68   75   84   92  101  109  117  124
  130  136  140  145  149  152  155  158  160
    77.5-180.0 180.0   5.0 450.0                            LAT/LON1/LON2/DLON/H
  177  176  175  174  172  170  167  163  159  154  148  141  135  128  121  114
  108  102   97   93   91   91   92   97  104  114  126  141  158  177  196  215
  233  250  263  274  281  283  281  275  265  251  235  216  197  177  158  141
  125  113  105  100   99  101  106  114  124  134  144  154  163  170  176  180
  183  184  184  183  182  181  180  178  177
    75.0-180.0 180.0   5.0 450.0                            LAT/LON1/LON2/DLON/H
  188  184  180  176  172  168  163  157  150  142  134  126  117  108  100   92
   84   77   70   65   61   60   61   66   74   85  101  120  142  166  192  218
  244  268  289  307  320  328  331  328  321  309  294  276  257  237  218  200
  185  174  166  163  164  169  177  187  199  210  221  230  237  240  241  240
  236  230  224  217  210  203  197  192  188
    72.5-180.0 180.0   5.0 450.0                            LAT/LON1/LON2/DLON/H
  186  181  176  172  167  162  156  150  142  134  125  115  106   97   89   81
   74   67   60   55   50   48   48   52   60   72   89  110  135  163  193  224
  255  285  312  336  354  367  375  377  373  365  353  338  321  304  286  270
  256  245  238  236  238  243  252  263  274  285  293  298  300  298  292  283
  271  258  245  232  220  209  200  193  186
    70.0-180.0 180.0   5.0 450.0                            LAT/LON1/LON2/DLON/H
  170  165  162  158  155  152  147  142  136  128  120  112  104   97   91   85
   80   75   69   64   59   56   55   58   65   77   93  114  140  168  200  233
  267  300  331  358  380  397  409  415  415  412  404  394  382  368  353  338
  325  314  307  303  304  308  315  323  331  337  341  340  334  324  310  292
  273  254  235  218  204  192  183  175  170
    67.5-180.0 180.0   5.0 450.0                            LAT/LON1/LON2/DLON/H
  140  138  137  137  136  136  135  133  129  125  119  114  108  104  101   99
   98   95   91   87   82   78   77   78   84   95  110  130  154  181  212  244
  278  312  344  372  397  416  430  439  443  444  442  438  430  420  409  396
  383  371  361  354  350  350  351  354  356  356  352  344  330  311  289  264
  239  215  193  175  162  152  146  142  140
    65.0-180.0 180.0   5.0 450.0                            LAT/LON1/LON2/DLON/H
  102  104  106  108  111  114  117  120  122  122  120  118  116  115  116  118
  119  120  118  114  109  104  102  103  108  118  132  149  170  195  223  253
  286  319  350  379  403  423  438  448  456  461  464  465  463  457  448  436
  422  407  393  381  371  364  359  355  350  342  330  312  290  264  234  204
  174  148  127  112  102   98   97   99  102
    62.5-180.0 180.0   5.0 450.0                            LAT/LON1/LON2/DLON/H
   65   71   75   78   82   88   95  103  111  116  119  120  121  123  127  132
  137  139  139  135  129  124  121  121  126  135  148  164  183  205  230  258
  289  321  352  379  403  422  436  447  457  465  472  477  479  477  470  458
  442  424  405  387  371  357  344  332  320  304  285  261  232  199  165  131
   99   74   55   44   40   43   50   58   65
    60.0-180.0 180.0   5.0 450.0                            LAT/LON1/LON2/DLON/H
   41   48   51   52   55   61   71   84   96  107  114  118  121  125  131  138
  144  148  148  143  136  130  126  126  132  141  154  169  187  207  231  258
  289  320  350  377  400  417  430  440  450  459  469  477  482  482  476  464
  446  425  402  379  358  338  319  302  283  262  238  209  176  140  102   67
   36   12    0    0    0    3   16   30   41
    57.5-180.0 180.0   5.0 450.0                            LAT/LON1/LON2/DLON/H
   37   43   42   39   37   40   50   65   82   96  106  112  116  120  126  133
  140  144  143  137  129  121  117  119  125  136  150  165  183  203  227  256
  287  319  350  377  398  414  425  433  442  451  461  470  476  477  471  458
  439  417  392  367  343  321  299  277  256  232  206  176  142  105   67   32
    2    0    0    0    0    0    6   24   37
    55.0-180.0 180.0   5.0 450.0                            LAT/LON1/LON2/DLON/H
   56   59   53   42   33   30   37   52   70   87   99  105  108  111  115  122
  128  131  129  122  113  105  101  104  113  125  140  157  176  197  223  254
  287  322  354  381  401  415  424  430  436  444  452  460  466  466  460  447
  429  407  383  360  336  314  291  270  248  225  200  172  139  104   68   35
    6    0    0    0    0    0   22   42   56
    52.5-180.0 180.0   5.0 450.0                            LAT/LON1/LON2/DLON/H
   92   93   82   64   46   36   37   49   66   83   95  100  101  101  103  108
  113  116  113  106   97   89   87   91  102  116  133  151  171  195  223  256
  292  328  362  389  409  422  429  434  437  442  447  452  456  455  448  435
  418  399  379  360  340  320  300  280  260  240  218  194  165  134  101   69
   42   22    9    7   15   33   56   78   92
    50.0-180.0 180.0   5.0 450.0                            LAT/LON1/LON2/DLON/H
  134  136  123  100   75   58   52   59   72   87   97  100   99   96   96   98
  102  105  103   96   88   81   81   87  100  116  134  154  175  200  229  264
  302  339  373  400  420  433  439  443  444  445  446  448  448  445  438  426
  411  396  381  367  352  336  318  300  283  266  249  230  206  178  149  120
   94   74   60   54   59   75   97  120  134
    47.5-180.0 180.0   5.0 450.0                            LAT/LON1/LON2/DLON/H
  170  175  164  141  114   92   81   80   88   98  105  106  102   97   95   96
   99  102  102   97   90   86   88   97  112  129  148  167  188  212  242  276
  313  351  384  411  431  444  452  455  456  454  451  448  444  439  432  421
  408  396  385  376  366  353  337  320  304  290  276  261  241  217  191  166
  142  121  105   96   96  108  129  152  170
    45.0-180.0 180.0   5.0 450.0                            LAT/LON1/LON2/DLON/H
  186  197  193  177  153  131  115  109  110  114  117  116  111  105  101  101
  105  109  110  107  103  101  106  117  134  152  171  189  208  230  257  289
  324  359  392  419  439  454  464  470  471  467  460  452  446  440  432  421
  409  398  390  384  376  365  349  330  313  298  286  273  256  236  212  189
  168  148  131  119  115  122  140  164  186
    42.5-180.0 180.0   5.0 450.0                            LAT/LON1/LON2/DLON/H
  176  195  202  196  182  164  148  137  132  130  130  128  123  117  113  112
  116  121  123  122  120  120  127  141  160  180  198  214  230  248  270  297
  328  361  393  420  443  461  475  485  487  483  473  463  454  448  440  429
  416  404  395  389  382  370  351  329  307  289  275  262  246  228  207  186
  167  150  133  119  111  113  128  151  176
    40.0-180.0 180.0   5.0 450.0                            LAT/LON1/LON2/DLON/H
  146  170  187  195  193  184  171  158  147  141  139  137  134  129  126  125
  128  133  136  136  134  136  144  161  182  204  222  236  248  260  276  298
  325  357  389  418  443  465  485  500  506  502  492  480  472  466  459  447
  431  416  404  396  388  374  352  324  295  271  252  237  221  203  184  165
  148  133  118  104   93   90  100  120  146
    37.5-180.0 180.0   5.0 450.0                            LAT/LON1/LON2/DLON/H
  106  131  155  173  184  185  178  165  152  144  141  141  140  139  136  135
  137  141  143  142  140  141  151  170  194  217  236  249  257  265  276  293
  318  350  384  416  445  471  496  517  528  527  517  507  501  498  492  480
  460  439  423  413  404  389  363  329  293  262  237  218  201  183  164  146
  131  117  104   90   77   70   72   85  106
    35.0-180.0 180.0   5.0 450.0                            LAT/LON1/LON2/DLON/H
   75   93  116  140  160  170  169  159  146  138  136  138  142  143  142  141
  141  142  142  139  135  135  145  166  193  219  239  251  258  263  271  286
  311  346  384  420  452  483  512  538  554  557  551  544  543  544  541  528
  505  480  461  450  442  427  401  363  320  281  250  227  209  191  173  154
  138  124  111   98   83   71   64   65   75
    32.5-180.0 180.0   5.0 450.0                            LAT/LON1/LON2/DLON/H
   71   75   89  109  131  145  149  142  132  125  126  132  139  143  143  140
  138  137  134  127  120  119  129  152  183  212  234  247  255  260  269  285
  314  353  396  437  471  503  535  566  587  595  594  592  597  604  605  592
  567  541  522  513  508  497  473  435  388  343  306  280  262  245  226  206
  186  170  156  141  125  107   90   77   71
    30.0-180.0 180.0   5.0 450.0                            LAT/LON1/LON2/DLON/H
  104   89   86   94  109  122  127  123  116  113  116  125  134  140  140  136
  132  127  121  112  102  100  111  136  169  201  225  242  254  264  277  299
  333  378  426  469  503  534  567  600  626  639  644  649  661  674  678  667
  643  618  603  599  601  597  579  543  496  448  408  380  361  346  328  305
  281  259  240  223  204  182  155  128  104
    27.5-180.0 180.0   5.0 450.0                            LAT/LON1/LON2/DLON/H
  173  138  115  106  107  112  114  110  106  105  111  121  130  135  135  130
  123  116  107   97   87   84   96  123  159  192  219  241  260  280  302  332
  372  422  473  516  548  575  606  640  668  686  698  710  729  748  755  746
  725  705  696  700  710  714  703  674  630  581  539  511  493  480  462  437
  407  378  353  332  311  285  252  214  173
    25.0-180.0 180.0   5.0 450.0                            LAT/LON1/LON2/DLON/H
  266  216  174  145  130  122  116  110  107  108  114  122  129  132  130  124
  116  107   98   87   78   78   92  120  157  191  221  248  278  311  346  384
  430  482  533  573  600  622  649  682  712  734  751  770  795  817  826  818
  801  788  787  799  815  826  823  801  763  717  676  646  629  617  600  573
  538  502  471  446  422  396  361  317  266
    22.5-180.0 180.0   5.0 450.0                            LAT/LON1/LON2/DLON/H
  362  305  250  206  175  153  138  127  122  122  126  130  132  131  127  120
  111  101   92   84   78   81   97  128  165  199  231  265  307  355  403  450
  499  550  597  632  653  669  692  722  753  778  799  823  851  874  883  875
  862  855  860  876  894  908  911  897  867  826  785  754  735  723  706  679
  642  602  565  536  512  487  456  414  362
    20.0-180.0 180.0   5.0 450.0                            LAT/LON1/LON2/DLON/H
  436  382  326  275  233  200  175  158  149  146  145  143  137  131  124  116
  107   98   91   86   85   92  111  143  180  215  249  289  343  405  466  519
  568  615  655  683  698  710  730  758  787  813  837  865  894  915  920  911
  899  896  903  917  932  944  948  942  920  885  845  810  786  770  754  728
  692  651  613  582  558  537  513  481  436
    17.5-180.0 180.0   5.0 450.0                            LAT/LON1/LON2/DLON/H
  471  430  383  335  291  253  220  196  182  174  167  156  143  131  121  112
  104   97   92   91   94  105  128  161  198  233  269  316  380  453  523  580
  626  666  699  721  732  741  759  785  813  838  863  891  919  936  936  923
  911  907  911  917  922  926  930  929  915  886  845  805  772  749  730  708
  677  640  603  572  550  534  520  501  471
    15.0-180.0 180.0   5.0 450.0                            LAT/LON1/LON2/DLON/H
  459  436  406  372  336  299  263  234  213  200  187  168  147  129  117  108
  101   95   93   96  103  118  143  177  216  252  290  341  411  492  566  622
  663  695  722  740  750  760  777  802  828  852  875  903  929  941  935  917
  901  892  888  882  873  867  867  870  863  838  797  747  702  669  646  626
  603  574  543  514  494  483  477  471  459
    12.5-180.0 180.0   5.0 450.0                            LAT/LON1/LON2/DLON/H
  408  404  394  379  358  330  296  263  238  219  201  177  150  127  112  103
   97   94   94   99  109  126  152  189  229  268  308  362  434  516  589  641
  676  702  724  741  753  766  786  811  834  855  877  903  926  934  923  900
  879  864  848  828  805  789  786  791  789  768  724  664  605  558  528  511
  496  477  454  430  411  402  402  406  408
    10.0-180.0 180.0   5.0 450.0                            LAT/LON1/LON2/DLON/H
  337  346  354  359  357  341  313  279  251  229  209  182  152  125  108   99
   95   92   94  101  112  130  158  196  240  282  325  378  447  524  591  637
  666  689  710  728  744  762  785  810  832  850  869  893  914  920  907  883
  858  836  810  778  745  724  719  725  726  705  657  588  514  452  415  398
  391  382  367  347  330  321  321  328  337
     7.5-180.0 180.0   5.0 450.0                            LAT/LON1/LON2/DLON/H
  275  287  305  325  339  336  314  282  253  231  212  186  155  126  108   98
   94   93   96  104  115  133  161  202  250  296  341  391  453  519  576  616
  641  663  686  708  729  751  777  803  824  839  857  879  899  906  895  873
  848  821  789  752  717  697  694  701  700  678  625  547  460  386  340  321
  319  318  310  295  278  267  263  266  275
     5.0-180.0 180.0   5.0 450.0                            LAT/LON1/LON2/DLON/H
  244  251  269  294  316  322  306  276  248  229  214  192  162  133  112  101
   97   97  101  108  119  137  166  209  262  312  357  403  454  507  553  586
  611  635  662  687  711  735  763  791  812  826  842  862  883  893  889  874
  854  828  797  763  736  725  727  732  726  697  639  555  460  377  324  303
  302  305  302  290  274  260  250  245  244
     2.5-180.0 180.0   5.0 450.0                            LAT/LON1/LON2/DLON/H
  261  256  263  282  304  311  297  268  242  227  217  202  175  146  123  110
  105  104  108  115  126  144  174  221  276  330  374  413  453  492  528  556
  583  612  642  670  694  718  747  776  798  812  827  846  867  883  889  885
  874  856  832  811  801  804  812  813  796  758  695  609  513  426  369  344
  342  346  343  334  319  304  289  275  261
