interface/IONEXdata/COD0OPSFIN_20240340000_01D_01H_GIM.INX
     1.0            IONOSPHERE MAPS     GNSS                IONEX VERSION / TYPE
ADDNEQ2 V5.5        AIUB                07-FEB-24 21:34     PGM / RUN BY / DATE 
CODE'S GLOBAL IONOSPHERE MAPS FOR DAY 034, 2024             COMMENT             
Global ionosphere maps (GIM) are generated on a daily basis DESCRIPTION         
at CODE using data from about 300 GNSS sites of the IGS and DESCRIPTION         
other institutions. The vertical total electron content     DESCRIPTION         
(VTEC) is modeled in a solar-geomagnetic reference frame    DESCRIPTION         
using a spherical harmonics expansion up to degree and      DESCRIPTION         
order 15. Piece-wise linear functions are used for          DESCRIPTION         
representation in the time domain. The time spacing of      DESCRIPTION         
their vertices is 1 hour, conforming with the epochs of the DESCRIPTION         
VTEC maps.                                                  DESCRIPTION         
To convert line-of-sight TEC into vertical TEC, a modified  DESCRIPTION         
single-layer model mapping function approximating the JPL   DESCRIPTION         
extended slab model mapping function is adopted. The        DESCRIPTION         
mapping function is evaluated at geodetic satellite         DESCRIPTION         
elevation angles. For the computation of the ionospheric    DESCRIPTION         
pierce points, a spherical layer with a radius of 6821 km   DESCRIPTION         
is assumed, implying geocentric, not geodetic IONEX         DESCRIPTION         
latitudes.                                                  DESCRIPTION         
Instrumental biases with respect to each involved GNSS code DESCRIPTION         
observable are estimated as constant values for each        DESCRIPTION         
day. They are modeled with one set of bias parameters for   DESCRIPTION         
each satellite and each station in case of GPS and for each DESCRIPTION         
satellite-station link in case of GLONASS. The code bias    DESCRIPTION         
datum is defined by zero-mean conditions imposed on the     DESCRIPTION         
satellite bias estimates. In this file, just GPS C1W-C2W    DESCRIPTION         
satellite and station bias values are included. The         DESCRIPTION         
complete set of GNSS code bias results is provided in an    DESCRIPTION         
additional Bias-SINEX file as pseudo-absolute values        DESCRIPTION         
specific to each observable.                                DESCRIPTION         
Note: These GIM results correspond to the results for the   DESCRIPTION         
middle day of a 3-day combination analysis solving for 73   DESCRIPTION         
times 256, or 18688 VTEC parameters and 3 daily sets of     DESCRIPTION         
GNSS code bias parameters.                                  DESCRIPTION         
Contact address: code(at)aiub.unibe.ch                      DESCRIPTION         
Data archive:    ftp.aiub.unibe.ch/CODE/                    DESCRIPTION         
                 www.aiub.unibe.ch/download/CODE/           DESCRIPTION         
  2024     2     3     0     0     0                        EPOCH OF FIRST MAP  
  2024     2     4     0     0     0                        EPOCH OF LAST MAP   
  3600                                                      INTERVAL            
[...]
badg bake bako barh bndy boav bogo bogt bor1 braz brft brst COMMENT             
brux cas1 ccj2 cedu chpg chti ckis coco cord cpvg cpxf cro1 COMMENT             
daej darw dav1 dgar dhlg drao dubo ebre faa1 fair flin flrs COMMENT             
frdn func ganp glps glsv gode gol2 gold gope gras graz guam COMMENT             
guat guug harb hers hert hlfx hnpt hob2 hofn holb hrao hyde COMMENT             
iddr ieng iisc impz invk iqal jog2 joz2 joze karr kerg kir0 COMMENT             
kiri kiru kit3 kokb kokv koug kour krgg lama laut lmmf lpal COMMENT             
lpgs m0se mac1 madr mal2 mana mas1 mat1 mate maw1 mcm4 mdo1 COMMENT             
medi mets mgue mizu mkea mnls mobs monp morp mqzg mro1 mtka COMMENT             
nano naur nico nist nklg nlib nnor not1 nrc1 ntus nya1 nyal COMMENT             
onsa opmt ous2 pado parc park pdel penc pert pie1 pimo pol2 COMMENT             
polv pots pove prds ptbb ptvl qaq1 quin rabt reso reun reyk COMMENT             
rgdg rio2 roth salu samo savo sch2 scor scrz sctb scub seyg COMMENT             
sfer smst sofi spt0 ssia sthl stjo stk2 str2 suth sutm sydn COMMENT             
syog tabv tash thtg thti thu2 tidb tlse tn22 tong tow2 tro1 COMMENT             
tskb twtf txes uclu ufpr ulab unb3 unbj unsa urum usn7 usud COMMENT             
vald vill voim vtsp wab1 wab2 wark wgtn whit will wind wsrt COMMENT             
wtza wtzl wtzr wtzs wtzz wuhn xmis yar2 yar3 yarr yell ykro COMMENT             
zeck zim2 zim3 zimm                                         COMMENT             
                                                            END OF HEADER       
[from data line 3432]
     9                                                      START OF TEC MAP    
  2024     2     3     8     0     0                        EPOCH OF CURRENT MAP
    87.5-180.0 180.0   5.0 450.0                            LAT/LON1/LON2/DLON/H
   37   37   38   39   40   41   42   43   45   46   48   49   51   53   54   56
   57   58   60   61   62   63   64   65   66   66   67   68   68   68   69   69
   69   69   69   69   68   68   68   67   66   66   65   64   63   62   61   60
   59   58   56   55   54   52   51   49   48   47   45   44   43   42   41   40
   39   38   37   37   36   36   36   36   37
    85.0-180.0 180.0   5.0 450.0                            LAT/LON1/LON2/DLON/H
   25   26   27   28   30   32   34   37   39   42   45   48   51   54   56   59
   61   63   65   67   69   70   72   73   74   75   76   77   77   78   79   79
   80   80   80   81   81   81   81   80   80   80   79   78   77   77   76   74
   73   72   70   68   66   64   62   60   58   55   52   50   47   44   41   39
   36   34   31   30   28   27   26   25   25
    82.5-180.0 180.0   5.0 450.0                            LAT/LON1/LON2/DLON/H
   22   21   22   22   24   26   29   32   36   40   43   47   50   53   56   59
   61   63   65   66   68   69   70   71   72   73   74   76   77   78   79   81
   82   84   85   86   88   89   90   91   92   93   94   95   96   96   97   97
   97   97   96   96   95   93   91   89   87   84   80   76   72   68   63   58
   53   47   42   38   33   29   26   24   22
    80.0-180.0 180.0   5.0 450.0                            LAT/LON1/LON2/DLON/H
   29   26   24   23   24   25   28   31   34   38   42   45   48   50   53   54
   56   57   58   59   59   60   60   61   62   63   65   66   68   70   72   75
   77   80   83   86   89   93   96   99  103  107  110  114  118  121  125  128
  131  133  135  137  138  138  138  137  135  133  129  125  120  113  106   98
   90   81   72   63   54   47   40   34   29
    77.5-180.0 180.0   5.0 450.0                            LAT/LON1/LON2/DLON/H
   45   38   33   30   29   29   31   33   35   38   41   43   44   46   46   47
   47   47   46   46   46   46   47   47   48   50   51   53   56   59   62   65
   69   73   78   83   88   93   99  105  112  119  127  134  142  150  158  165
  172  178  183  188  191  194  196  197  197  195  192  188  182  175  165  155
  142  129  116  102   88   75   64   53   45
    75.0-180.0 180.0   5.0 450.0                            LAT/LON1/LON2/DLON/H
   65   55   47   41   38   37   37   38   39   41   42   42   42   41   40   38
   37   36   35   35   34   35   35   37   38   40   42   44   47   50   53   57
   62   67   72   78   85   92  101  110  120  131  143  155  167  180  192  204
  215  225  233  241  247  252  255  258  259  259  257  253  247  238  227  214
  199  182  164  145  127  109   93   78   65
    72.5-180.0 180.0   5.0 450.0                            LAT/LON1/LON2/DLON/H
   84   71   60   53   48   45   44   45   45   45   45   43   41   38   35   32
   30   28   27   28   28   30   31   33   36   38   40   42   44   47   50   53
   57   62   68   75   83   92  103  115  128  142  158  175  192  209  226  242
  256  268  279  288  295  300  305  308  310  311  309  306  299  290  277  262
  244  225  203  182  160  139  119  101   84
    70.0-180.0 180.0   5.0 450.0                            LAT/LON1/LON2/DLON/H
   98   82   70   61   55   52   51   51   52   52   50   47   43   38   34   30
   27   26   26   27   30   33   36   39   42   45   47   49   50   51   52   54
   57   61   67   74   83   94  106  121  137  155  174  194  215  236  255  273
  289  302  313  321  327  332  335  337  339  339  337  333  326  316  303  286
  267  246  224  201  179  157  135  116   98
    67.5-180.0 180.0   5.0 450.0                            LAT/LON1/LON2/DLON/H
  102   86   72   62   56   53   53   55   57   58   56   53   48   42   37   32
   30   29   30   33   37   42   46   51   55   58   60   60   59   58   56   56
   58   61   67   75   86   98  112  129  148  168  190  213  236  258  279  297
  312  324  332  338  341  342  342  342  341  339  337  332  324  312  298  281
  261  241  220  199  179  158  139  120  102
    65.0-180.0 180.0   5.0 450.0                            LAT/LON1/LON2/DLON/H
   97   81   67   56   50   48   49   53   58   61   61   59   54   48   42   38
   36   36   38   42   47   53   58   64   68   71   72   71   67   63   59   57
   58   61   68   78   90  105  121  140  161  184  207  231  255  276  296  312
  324  333  337  339  337  334  329  325  321  317  312  305  296  283  267  249
  230  212  194  177  161  146  130  113   97
    62.5-180.0 180.0   5.0 450.0                            LAT/LON1/LON2/DLON/H
   86   71   56   44   37   35   38   45   52   59   63   63   59   54   49   45
   43   44   47   51   56   61   67   72   76   79   79   76   70   63   57   54
   54   59   68   81   96  113  132  153  176  200  225  249  271  290  306  319
  327  332  332  329  322  314  305  297  289  282  275  266  255  240  223  204
  186  169  156  144  135  125  114  101   86
    60.0-180.0 180.0   5.0 450.0                            LAT/LON1/LON2/DLON/H
   76   61   45   31   23   20   23   31   42   52   59   62   62   58   54   51
   50   51   53   57   60   64   68   72   76   78   77   73   65   57   49   46
   47   55   68   84  102  122  144  167  191  217  242  265  285  301  313  321
  325  326  322  315  305  293  281  269  259  250  240  230  216  199  180  160
  142  128  118  112  108  104   98   89   76
    57.5-180.0 180.0   5.0 450.0                            LAT/LON1/LON2/DLON/H
   71   56   39   24   12    7    9   17   29   41   52   58   60   59   56   54
   54   55   57   59   60   62   64   66   68   70   68   63   55   45   38   35
   40   51   68   89  110  132  155  180  205  231  256  278  296  309  317  321
  322  320  314  305  293  280  266  252  241  230  220  208  193  174  153  132
  113  100   92   90   91   91   89   83   71
    55.0-180.0 180.0   5.0 450.0                            LAT/LON1/LON2/DLON/H
   76   61   44   27   12    3    1    7   17   31   43   51   55   56   56   55
   56   58   59   59   58   57   56   57   58   58   56   51   42   33   26   26
   34   50   72   96  120  143  166  190  216  242  268  289  305  315  320  322
  320  317  312  303  292  279  264  251  240  230  220  208  192  172  149  126
  106   92   85   84   86   89   89   85   76
    52.5-180.0 180.0   5.0 450.0                            LAT/LON1/LON2/DLON/H
   87   76   60   43   26   13    6    7   14   24   35   44   50   52   53   54
   56   59   60   60   58   55   52   51   50   50   48   42   34   25   20   23
   35   55   81  107  131  153  174  197  222  249  275  296  311  320  323  323
  322  320  316  310  301  289  276  264  254  245  237  226  211  191  167  141
  119  103   94   91   93   96   97   94   87
    50.0-180.0 180.0   5.0 450.0                            LAT/LON1/LON2/DLON/H
  101   95   85   71   54   38   26   20   21   26   34   41   46   48   51   53
   57   61   64   64   63   59   56   53   51   50   48   42   34   26   23   28
   43   67   95  121  144  163  181  202  226  253  279  300  315  324  327  327
  326  326  325  321  315  305  294  283  274  268  261  253  239  220  195  169
  144  125  112  106  104  104  105  104  101
    47.5-180.0 180.0   5.0 450.0                            LAT/LON1/LON2/DLON/H
  111  114  112  104   91   75   58   46   40   39   41   44   47   48   51   54
   60   66   71   73   74   72   69   66   63   61   58   52   44   37   35   41
   59   84  112  138  158  174  188  206  228  254  280  302  317  326  330  331
  332  333  334  333  329  321  311  301  293  287  282  276  265  247  222  195
  168  145  128  117  110  106  106  108  111
    45.0-180.0 180.0   5.0 450.0                            LAT/LON1/LON2/DLON/H
  111  123  132  134  127  113   96   79   67   59   56   55   54   54   55   59
   66   74   81   87   90   91   90   88   85   81   76   70   61   54   53   60
   78  103  131  156  173  186  197  212  232  257  281  303  319  328  333  336
  337  340  342  342  339  332  322  311  301  295  291  286  277  261  237  210
  181  155  134  117  105   98   96  101  111
    42.5-180.0 180.0   5.0 450.0                            LAT/LON1/LON2/DLON/H
   98  118  137  149  151  143  128  111   96   84   76   71   67   65   65   69
   76   84   94  102  109  114  115  114  110  105   98   91   82   74   72   79
   96  121  148  171  188  199  209  222  241  263  285  305  320  331  337  340
  342  344  347  348  346  338  326  313  301  293  288  283  275  260  238  210
  180  152  127  107   90   79   76   83   98
    40.0-180.0 180.0   5.0 450.0                            LAT/LON1/LON2/DLON/H
   77  101  126  145  156  155  146  132  118  106   96   89   84   80   80   83
   89   97  107  117  126  134  138  138  134  127  118  109  100   92   88   94
  109  133  160  183  201  214  225  238  255  274  293  310  324  335  342  345
  347  349  351  354  352  345  333  316  301  289  280  274  266  252  231  203
  173  144  117   93   72   58   53   60   77
    37.5-180.0 180.0   5.0 450.0                            LAT/LON1/LON2/DLON/H
   56   78  102  123  138  144  143  135  126  118  111  105  100   97   97   99
  104  111  119  128  138  148  154  155  150  141  131  121  111  103   99  102
  116  139  166  192  213  230  245  260  275  290  304  318  331  342  350  354
  355  357  361  366  368  364  351  333  313  297  284  275  266  252  231  203
  173  143  116   90   67   48   39   42   56
    35.0-180.0 180.0   5.0 450.0                            LAT/LON1/LON2/DLON/H
   48   59   74   91  105  115  119  120  118  116  115  113  112  111  112  115
  118  123  128  135  143  153  159  160  155  145  135  124  115  107  102  105
  118  140  168  198  225  247  267  284  299  310  320  330  342  354  364  369
  370  374  382  393  402  403  393  375  352  332  315  303  293  278  256  228
  197  168  140  114   87   65   49   44   48
    32.5-180.0 180.0   5.0 450.0                            LAT/LON1/LON2/DLON/H
   65   59   58   61   69   77   85   91   96  102  108  113  117  120  123  127
  130  131  133  136  142  149  154  155  150  140  130  120  112  106  103  106
  118  140  170  204  236  265  290  310  323  331  337  344  357  372  384  392
  396  404  419  439  458  468  464  448  426  402  383  369  357  341  319  290
  259  230  203  175  146  117   93   75   65
    30.0-180.0 180.0   5.0 450.0                            LAT/LON1/LON2/DLON/H
  113   88   66   52   47   49   54   61   70   80   93  104  114  122  128  133
  136  136  134  133  135  139  143  143  138  130  121  113  107  103  103  108
  121  144  175  211  248  282  311  333  346  352  355  362  377  396  414  425
  434  448  472  504  536  557  561  551  530  507  487  472  459  444  421  392
  361  333  306  276  242  206  172  141  113
    27.5-180.0 180.0   5.0 450.0                            LAT/LON1/LON2/DLON/H
  192  149  108   75   55   45   42   43   50   61   76   92  106  117  125  132
  136  136  132  128  127  127  129  128  124  118  111  106  104  104  107  115
  129  153  185  222  261  298  329  351  364  370  373  383  402  427  451  468
  483  503  537  582  625  657  671  668  652  632  614  600  589  575  552  523
  493  465  438  406  367  322  278  235  192
    25.0-180.0 180.0   5.0 450.0                            LAT/LON1/LON2/DLON/H
  292  236  182  136  102   78   62   51   48   54   67   83   97  108  117  124
  129  130  127  123  119  117  116  115  113  109  105  103  104  108  116  128
  145  169  200  236  275  311  342  364  378  386  393  408  433  465  495  518
  538  565  607  660  712  752  774  778  769  755  741  731  724  712  692  664
  635  608  581  545  499  448  395  344  292
    22.5-180.0 180.0   5.0 450.0                            LAT/LON1/LON2/DLON/H
  394  337  280  229  186  150  117   89   71   67   73   83   93  101  107  113
  119  121  121  117  113  110  109  108  106  105  104  105  109  117  129  145
  165  189  218  252  288  322  351  374  391  403  416  437  469  507  543  570
  594  624  669  725  781  824  849  859  858  850  843  839  837  830  813  787
  760  736  708  669  617  558  501  447  394
    20.0-180.0 180.0   5.0 450.0                            LAT/LON1/LON2/DLON/H
  479  431  383  338  294  250  202  156  120  101   96   98  100  100  100  103
  108  112  114  113  110  108  106  105  105  106  107  110  117  128  144  163
  185  209  236  266  299  330  359  383  403  422  443  471  508  551  589  619
  644  674  716  768  818  857  883  896  901  901  901  904  908  907  893  871
  848  825  798  756  698  634  576  525  479
    17.5-180.0 180.0   5.0 450.0                            LAT/LON1/LON2/DLON/H
  531  501  472  441  405  358  300  238  187  154  137  128  119  109  102   99
  100  105  109  110  110  109  107  107  107  110  113  117  124  137  155  178
  201  225  250  277  307  337  365  392  419  446  475  509  549  593  631  660
  683  708  742  783  821  851  871  885  894  900  907  917  927  931  922  904
  884  864  837  793  731  664  607  564  531
    15.0-180.0 180.0   5.0 450.0                            LAT/LON1/LON2/DLON/H
  542  533  526  517  495  453  390  320  258  215  188  169  150  130  114  104
  101  103  107  110  111  111  110  109  111  114  118  122  129  141  160  184
  210  234  257  283  312  342  373  404  438  474  511  548  589  629  665  690
  708  725  748  773  795  811  823  834  846  857  868  883  899  908  903  887
  870  853  827  781  716  647  593  559  542
    12.5-180.0 180.0   5.0 450.0                            LAT/LON1/LON2/DLON/H
  514  523  538  550  545  512  453  381  317  271  240  214  188  161  137  121
  113  111  111  113  114  114  112  112  113  117  122  125  130  140  158  183
  209  234  258  284  314  346  380  418  459  503  545  585  622  657  687  708
  720  729  739  749  754  756  759  767  779  791  805  823  841  853  850  837
  822  807  781  734  667  597  545  518  514
    10.0-180.0 180.0   5.0 450.0                            LAT/LON1/LON2/DLON/H
  460  479  508  536  546  526  475  411  353  311  281  254  225  195  169  149
  135  127  122  120  118  116  114  113  115  119  123  126  128  134  150  174
  201  228  253  281  313  349  388  431  479  529  575  614  646  675  699  714
  721  724  725  723  717  708  705  709  719  730  743  760  779  791  789  776
  761  746  721  674  605  534  482  458  460
     7.5-180.0 180.0   5.0 450.0                            LAT/LON1/LON2/DLON/H
  398  417  450  485  504  494  456  405  359  328  305  282  255  227  203  182
  165  151  139  130  124  120  116  114  115  119  124  125  124  126  139  162
  191  219  247  277  312  351  393  440  492  546  594  632  660  682  700  712
  717  718  715  709  698  686  680  682  689  697  705  719  736  747  743  728
  712  696  670  621  553  481  426  399  398
     5.0-180.0 180.0   5.0 450.0                            LAT/LON1/LON2/DLON/H
  348  357  383  415  437  434  407  370  340  322  308  292  272  251  232  215
  197  178  159  143  132  124  119  117  117  121  125  125  121  120  129  152
  182  213  242  273  309  350  394  443  497  552  601  637  662  680  694  705
  711  714  715  713  706  699  696  698  702  703  706  714  727  734  727  709
  689  670  643  594  525  453  394  360  348
     2.5-180.0 180.0   5.0 450.0                            LAT/LON1/LON2/DLON/H
  326  318  329  350  367  366  348  325  308  301  296  287  274  262  252  241
  225  203  179  157  141  131  124  121  121  124  128  127  120  116  123  146
  178  211  242  273  308  347  390  438  491  545  594  630  654  671  684  696
  706  716  726  735  741  745  749  754  754  749  743  745  752  755  744  722
  698  675  646  597  530  457  395  351  326
