interface/IONEXdata/COD0OPSFIN_20240340000_01D_01H_GIM.INX
     1.0            IONOSPHERE MAPS     GNSS                IONEX VERSION / TYPE
ADDNEQ2 V5.5        AIUB                07-FEB-24 21:34     PGM / RUN BY / DATE 
CODE'S GLOBAL IONOSPHERE MAPS FOR DAY 034, 2024             COMMENT             
Global ionosphere maps (GIM) are generated on a daily basis DESCRIPTION         
at CODE using data from about 300 GNSS sites of the IGS and DESCRIPTION         
other institutions. The vertical total electron content     DESCRIPTION         
(VTEC) is modeled in a solar-geomagnetic reference frame    DESCRIPTION         
using a spherical harmonics expansion up to degree and      DESCRIPTION         
order 15. Piece-wise linear functions are used for          DESCRIPTION         
representation in the time domain. The time spacing of      DESCRIPTION         
their vertices is 1 hour, conforming with the epochs of the DESCRIPTION         
VTEC maps.                                                  DESCRIPTION         
To convert line-of-sight TEC into vertical TEC, a modified  DESCRIPTION         
single-layer model mapping function approximating the JPL   DESCRIPTION         
extended slab model mapping function is adopted. The        DESCRIPTION         
mapping function is evaluated at geodetic satellite         DESCRIPTION         
elevation angles. For the computation of the ionospheric    DESCRIPTION         
pierce points, a spherical layer with a radius of 6821 km   DESCRIPTION         
is assumed, implying geocentric, not geodetic IONEX         DESCRIPTION         
latitudes.                                                  DESCRIPTION         
Instrumental biases with respect to each involved GNSS code DESCRIPTION         
observable are estimated as constant values for each        DESCRIPTION         
day. They are modeled with one set of bias parameters for   DESCRIPTION         
each satellite and each station in case of GPS and for each DESCRIPTION         
satellite-station link in case of GLONASS. The code bias    DESCRIPTION         
datum is defined by zero-mean conditions imposed on the     DESCRIPTION         
satellite bias estimates. In this file, just GPS C1W-C2W    DESCRIPTION         
satellite and station bias values are included. The         DESCRIPTION         
complete set of GNSS code bias results is provided in an    DESCRIPTION         
additional Bias-SINEX file as pseudo-absolute values        DESCRIPTION         
specific to each observable.                                DESCRIPTION         
Note: These GIM results correspond to the results for the   DESCRIPTION         
middle day of a 3-day combination analysis solving for 73   DESCRIPTION         
times 256, or 18688 VTEC parameters and 3 daily sets of     DESCRIPTION         
GNSS code bias parameters.                                  DESCRIPTION         
Contact address: code(at)aiub.unibe.ch                      DESCRIPTION         
Data archive:    ftp.aiub.unibe.ch/CODE/                    DESCRIPTION         
                 www.aiub.unibe.ch/download/CODE/           DESCRIPTION         
  2024     2     3     0     0     0                        EPOCH OF FIRST MAP  
  2024     2     4     0     0     0                        EPOCH OF LAST MAP   
  3600                                                      INTERVAL            
[...]
badg bake bako barh bndy boav bogo bogt bor1 braz brft brst COMMENT             
brux cas1 ccj2 cedu chpg chti ckis coco cord cpvg cpxf cro1 COMMENT             
daej darw dav1 dgar dhlg drao dubo ebre faa1 fair flin flrs COMMENT             
frdn func ganp glps glsv gode gol2 gold gope gras graz guam COMMENT             
guat guug harb hers hert hlfx hnpt hob2 hofn holb hrao hyde COMMENT             
iddr ieng iisc impz invk iqal jog2 joz2 joze karr kerg kir0 COMMENT             
kiri kiru kit3 kokb kokv koug kour krgg lama laut lmmf lpal COMMENT             
lpgs m0se mac1 madr mal2 mana mas1 mat1 mate maw1 mcm4 mdo1 COMMENT             
medi mets mgue mizu mkea mnls mobs monp morp mqzg mro1 mtka COMMENT             
nano naur nico nist nklg nlib nnor not1 nrc1 ntus nya1 nyal COMMENT             
onsa opmt ous2 pado parc park pdel penc pert pie1 pimo pol2 COMMENT             
polv pots pove prds ptbb ptvl qaq1 quin rabt reso reun reyk COMMENT             
rgdg rio2 roth salu samo savo sch2 scor scrz sctb scub seyg COMMENT             
sfer smst sofi spt0 ssia sthl stjo stk2 str2 suth sutm sydn COMMENT             
syog tabv tash thtg thti thu2 tidb tlse tn22 tong tow2 tro1 COMMENT             
tskb twtf txes uclu ufpr ulab unb3 unbj unsa urum usn7 usud COMMENT             
vald vill voim vtsp wab1 wab2 wark wgtn whit will wind wsrt COMMENT             
wtza wtzl wtzr wtzs wtzz wuhn xmis yar2 yar3 yarr yell ykro COMMENT             
zeck zim2 zim3 zimm                                         COMMENT             
                                                            END OF HEADER       
     1                                                      START OF TEC MAP    
  2024     2     3     0     0     0                        EPOCH OF CURRENT MAP
    87.5-180.0 180.0   5.0 450.0                            LAT/LON1/LON2/DLON/H
   59   61   63   65   67   68   70   72   74   75   77   78   79   80   81   81
   81   81   81   80   79   78   77   76   74   72   70   68   66   64   62   60
   58   55   53   51   49   48   46   44   43   41   40   39   38   37   37   36
   36   36   36   36   36   36   36   36   37   38   38   39   40   41   42   43
   45   46   48   49   51   53   55   57   59
    85.0-180.0 180.0   5.0 450.0                            LAT/LON1/LON2/DLON/H
   66   69   73   77   81   85   89   93   96  100  103  106  108  110  112  112
  113  113  112  110  109  106  104  100   97   93   89   85   80   76   71   67
   62   58   54   50   47   43   40   38   36   34   32   31   30   30   29   29
   29   29   30   30   30   31   31   32   33   33   34   35   37   38   39   41
   43   45   48   50   53   56   59   62   66
    82.5-180.0 180.0   5.0 450.0                            LAT/LON1/LON2/DLON/H
   78   83   87   92   97  103  108  114  119  124  128  133  136  139  141  142
  142  141  140  137  134  131  127  122  117  111  105   99   93   87   80   74
   68   62   57   52   47   43   39   36   34   32   31   30   30   31   31   32
   33   34   35   36   37   38   38   39   40   40   41   42   43   45   47   49
   51   54   57   60   63   67   70   74   78
    80.0-180.0 180.0   5.0 450.0                            LAT/LON1/LON2/DLON/H
  100  104  108  112  117  123  129  135  140  146  151  156  159  162  163  163
  162  160  158  154  151  146  141  136  130  124  117  111  104   97   90   83
   76   70   63   57   52   47   43   40   37   36   35   36   37   39   41   43
   46   48   50   52   53   53   54   54   54   55   55   56   58   60   63   66
   70   74   77   81   85   89   93   96  100
    77.5-180.0 180.0   5.0 450.0                            LAT/LON1/LON2/DLON/H
  132  134  137  139  142  146  151  156  162  167  171  175  176  177  176  174
  171  167  163  158  154  149  145  140  135  129  123  117  111  105   99   92
   86   79   73   67   61   56   51   47   45   43   43   44   47   50   54   58
   62   66   68   70   71   72   71   71   71   71   72   74   77   81   85   91
   97  103  109  115  120  124  127  130  132
    75.0-180.0 180.0   5.0 450.0                            LAT/LON1/LON2/DLON/H
  175  174  173  173  173  174  177  180  184  187  190  190  189  186  181  174
  167  160  154  149  145  141  138  135  132  128  124  120  115  110  105  100
   95   89   84   78   72   66   60   56   52   51   51   53   56   61   66   72
   77   82   85   87   87   87   85   84   84   84   86   89   94  101  109  118
  128  138  148  156  163  169  173  174  175
    72.5-180.0 180.0   5.0 450.0                            LAT/LON1/LON2/DLON/H
  223  219  215  210  206  204  204  205  207  209  208  206  200  191  180  168
  156  145  137  131  128  126  125  124  123  122  120  117  114  111  108  104
  100   96   91   86   80   73   67   61   57   55   55   57   61   67   73   80
   87   91   95   96   96   94   92   90   89   90   93   98  106  117  129  143
  158  172  187  199  210  218  222  224  223
    70.0-180.0 180.0   5.0 450.0                            LAT/LON1/LON2/DLON/H
  269  264  256  247  239  234  231  230  230  231  228  222  212  197  179  161
  143  128  118  111  109  109  111  112  113  113  112  110  108  105  103  101
   99   96   92   88   82   75   68   62   57   54   53   55   60   66   74   81
   88   93   96   96   95   92   88   86   85   87   92  100  112  126  143  161
  180  199  218  235  250  261  268  271  269
    67.5-180.0 180.0   5.0 450.0                            LAT/LON1/LON2/DLON/H
  305  300  290  278  267  258  253  251  251  251  249  241  226  206  183  158
  135  116  104   97   95   97  100  103  104  104  102   99   96   93   92   90
   89   87   85   80   75   69   62   56   50   47   47   49   54   61   68   76
   82   86   88   87   84   80   77   74   74   78   85   96  111  128  148  169
  191  214  236  257  275  290  301  306  305
    65.0-180.0 180.0   5.0 450.0                            LAT/LON1/LON2/DLON/H
  327  323  313  300  286  274  268  266  267  269  267  260  244  221  193  164
  137  115  100   93   92   93   96   98   97   95   90   85   81   77   75   73
   72   71   69   66   62   56   51   45   41   38   38   41   46   52   59   66
   71   74   74   72   68   64   60   58   59   65   75   89  106  125  146  168
  191  214  238  260  282  300  315  324  327
    62.5-180.0 180.0   5.0 450.0                            LAT/LON1/LON2/DLON/H
  332  331  323  310  295  282  274  272  276  280  282  277  262  239  210  179
  150  126  110  102   99   98   99   97   93   86   79   71   64   60   57   55
   54   52   51   48   45   41   37   34   32   31   32   34   39   44   49   54
   58   60   59   55   51   46   42   42   45   53   66   82  100  120  141  161
  182  203  225  248  270  292  310  324  332
    60.0-180.0 180.0   5.0 450.0                            LAT/LON1/LON2/DLON/H
  323  328  324  313  297  283  274  273  278  286  291  290  279  259  232  202
  173  149  132  120  114  110  105   99   90   80   69   60   52   47   43   41
   39   37   35   33   31   29   28   27   27   28   30   33   36   40   43   46
   47   47   45   41   37   32   29   30   36   46   60   78   97  116  134  152
  169  186  205  225  247  269  291  310  323
    57.5-180.0 180.0   5.0 450.0                            LAT/LON1/LON2/DLON/H
  308  320  321  313  299  284  274  272  277  286  295  297  291  276  254  228
  202  178  159  144  133  124  114  102   89   76   63   54   47   42   39   37
   34   32   29   27   25   25   25   27   29   32   35   37   39   41   42   42
   41   40   38   34   29   26   24   26   33   45   61   80   98  116  131  145
  158  171  185  201  220  242  266  289  308
    55.0-180.0 180.0   5.0 450.0                            LAT/LON1/LON2/DLON/H
  295  314  322  319  307  291  280  276  279  288  296  300  298  288  272  252
  229  207  186  167  151  136  121  105   90   75   64   56   51   49   47   45
   42   38   34   31   30   30   31   34   38   43   46   48   48   47   45   44
   42   40   37   34   31   28   27   31   39   52   69   87  105  121  134  144
  153  163  173  186  202  221  244  270  295
    52.5-180.0 180.0   5.0 450.0                            LAT/LON1/LON2/DLON/H
  289  315  331  334  325  311  298  291  291  295  300  303  301  295  284  269
  250  229  206  184  164  145  127  110   94   80   71   66   64   64   64   62
   58   54   49   45   44   43   45   49   53   58   61   63   61   58   54   50
   48   47   45   43   40   38   38   42   51   64   81   99  117  131  142  150
  157  165  174  184  196  212  233  260  289
    50.0-180.0 180.0   5.0 450.0                            LAT/LON1/LON2/DLON/H
  294  325  348  358  354  342  329  320  316  313  311  308  303  298  291  279
  263  241  217  193  171  151  133  117  102   91   84   82   82   84   84   83
   79   74   69   65   63   62   63   65   69   74   77   78   75   70   65   61
   59   59   58   57   56   54   54   58   66   80   97  115  131  144  154  162
  169  178  187  197  206  219  236  262  294
    47.5-180.0 180.0   5.0 450.0                            LAT/LON1/LON2/DLON/H
  306  341  371  387  388  381  370  360  352  342  330  318  308  300  293  282
  266  244  219  195  175  157  142  129  117  108  102  100  100  101  101   99
   95   90   86   83   81   80   79   80   83   87   90   91   87   82   76   73
   73   74   75   74   73   71   72   75   83   96  113  131  147  160  169  176
  185  196  208  219  228  237  251  274  306
    45.0-180.0 180.0   5.0 450.0                            LAT/LON1/LON2/DLON/H
  320  357  390  411  419  416  410  403  393  377  356  335  317  304  294  282
  264  241  217  195  179  167  157  147  137  127  120  115  112  109  107  104
  100   97   95   94   94   93   91   91   93   96  100  100   97   92   88   86
   87   89   91   91   89   87   86   89   97  110  127  146  162  175  183  191
  201  215  231  245  254  261  270  290  320
    42.5-180.0 180.0   5.0 450.0                            LAT/LON1/LON2/DLON/H
  331  366  399  423  435  438  438  436  427  409  383  354  329  312  298  282
  261  237  215  198  189  183  177  169  158  146  134  124  116  108  103   98
   94   93   94   97   99  100   98   97   98  101  105  107  105  101   97   97
   99  103  104  103  100   97   96   99  107  121  139  158  176  188  197  204
  214  230  248  265  277  283  289  304  331
    40.0-180.0 180.0   5.0 450.0                            LAT/LON1/LON2/DLON/H
  334  364  394  417  429  437  444  449  446  429  401  370  342  322  305  285
  261  237  218  208  205  204  200  190  176  160  143  127  113  101   92   85
   82   82   86   93   99  103  102  100  100  104  109  112  111  107  105  106
  109  113  113  110  106  102  100  103  112  127  147  169  187  201  209  214
  223  238  258  278  292  298  302  312  334
    37.5-180.0 180.0   5.0 450.0                            LAT/LON1/LON2/DLON/H
  331  354  377  394  404  413  425  437  440  429  404  376  352  333  315  293
  267  244  230  226  227  227  220  205  186  166  146  128  111   97   85   77
   72   73   78   89   99  106  108  106  105  108  113  116  116  113  111  112
  115  118  116  111  105  100   99  103  113  130  153  177  198  212  220  224
  230  243  262  283  299  307  310  316  331
    35.0-180.0 180.0   5.0 450.0                            LAT/LON1/LON2/DLON/H
  329  342  355  363  368  374  387  403  411  406  390  370  354  340  325  302
  278  258  248  248  250  246  232  210  186  165  148  133  119  106   95   85
   79   77   81   92  106  116  119  117  114  115  119  122  120  116  114  114
  117  118  115  108  100   95   94   99  112  131  156  183  207  224  233  236
  239  248  265  286  304  314  318  321  329
    32.5-180.0 180.0   5.0 450.0                            LAT/LON1/LON2/DLON/H
  336  340  343  341  337  337  347  361  371  370  362  353  347  342  331  312
  290  274  269  270  268  255  231  203  178  163  155  151  146  139  130  120
  110  102  101  109  123  135  139  135  130  127  128  128  124  118  113  112
  113  113  108  101   93   88   88   95  109  131  160  190  218  238  249  253
  255  261  275  295  315  328  333  334  336
    30.0-180.0 180.0   5.0 450.0                            LAT/LON1/LON2/DLON/H
  361  359  353  343  331  323  324  331  336  335  331  332  336  339  333  317
  300  289  287  286  275  251  218  187  168  165  175  188  197  200  196  184
  168  150  139  140  151  162  166  160  150  142  138  134  126  116  108  105
  105  103   99   91   85   81   83   91  108  133  165  199  231  255  270  278
  281  286  298  317  338  355  363  363  361
    27.5-180.0 180.0   5.0 450.0                            LAT/LON1/LON2/DLON/H
  410  405  396  382  365  349  339  333  327  319  314  319  329  335  331  318
  305  299  298  290  269  235  197  170  164  181  212  245  271  284  284  271
  247  217  193  182  186  194  195  186  171  158  149  139  126  112  100   94
   92   91   87   81   77   76   80   91  110  139  174  212  247  276  297  311
  320  327  338  357  379  399  411  413  410
    25.0-180.0 180.0   5.0 450.0                            LAT/LON1/LON2/DLON/H
  481  478  473  462  445  425  404  383  360  339  328  328  335  338  329  315
  305  302  299  283  252  212  179  165  178  217  268  319  357  377  379  364
  333  291  251  226  220  223  221  209  190  171  156  142  124  105   90   81
   78   76   74   71   71   73   79   93  116  148  188  229  268  301  329  351
  367  380  393  412  436  460  475  481  481
    22.5-180.0 180.0   5.0 450.0                            LAT/LON1/LON2/DLON/H
  565  571  575  575  566  546  517  481  441  405  380  370  365  354  334  315
  304  301  293  269  231  194  173  180  216  273  338  396  438  460  462  445
  408  356  302  263  246  242  238  223  202  180  161  142  121   98   79   68
   63   61   61   62   65   71   81   98  125  162  206  251  292  329  363  393
  419  440  458  478  503  529  549  560  565
    20.0-180.0 180.0   5.0 450.0                            LAT/LON1/LON2/DLON/H
  651  668  688  704  708  694  662  616  562  511  473  446  421  390  353  323
  308  301  286  255  216  189  190  223  278  345  410  463  498  514  513  496
  457  400  337  285  258  248  241  226  205  183  163  143  119   93   71   58
   52   50   52   55   62   71   85  106  138  180  228  276  319  358  397  435
  470  499  522  544  569  597  620  637  651
    17.5-180.0 180.0   5.0 450.0                            LAT/LON1/LON2/DLON/H
  723  754  791  826  845  841  812  762  702  643  593  550  503  447  388  345
  323  310  287  250  214  205  234  291  358  420  469  502  519  524  520  505
  472  417  351  292  256  240  232  219  201  182  164  145  121   94   71   55
   47   45   47   52   60   72   90  116  153  200  252  302  346  387  427  471
  513  549  576  599  625  652  678  701  723
    15.0-180.0 180.0   5.0 450.0                            LAT/LON1/LON2/DLON/H
  773  815  867  919  953  960  936  890  832  774  721  667  601  521  441  384
  353  333  302  261  234  246  301  376  441  483  502  504  497  489  482  475
  454  410  348  287  245  226  217  207  194  181  167  150  128  102   79   63
   53   49   50   53   62   75   96  127  169  220  274  326  371  411  453  498
  545  585  615  638  662  689  716  742  773
    12.5-180.0 180.0   5.0 450.0                            LAT/LON1/LON2/DLON/H
  796  846  908  970 1013 1026 1009  971  923  876  829  773  697  601  507  439
  401  374  336  293  275  307  381  461  511  520  499  466  436  417  412  417
  414  388  337  280  236  213  203  197  189  181  173  160  141  119   98   82
   71   65   61   62   68   82  106  141  185  237  292  343  389  430  471  516
  564  605  635  657  679  704  731  760  796
    10.0-180.0 180.0   5.0 450.0                            LAT/LON1/LON2/DLON/H
  794  847  912  976 1019 1033 1020  990  958  928  898  851  776  676  577  505
  464  431  388  344  334  378  460  531  552  520  459  398  352  329  332  352
  370  365  331  280  236  211  200  194  190  186  181  173  160  143  127  112
  101   91   83   79   82   94  118  155  201  251  303  353  399  441  481  525
  570  610  639  659  678  701  727  757  794
     7.5-180.0 180.0   5.0 450.0                            LAT/LON1/LON2/DLON/H
  778  829  890  947  982  989  974  951  934  924  914  886  824  733  641  573
  533  498  453  409  401  448  522  570  555  484  392  315  267  250  265  301
  340  355  337  295  253  225  210  203  198  195  192  188  180  171  161  151
  140  127  115  105  102  111  135  171  215  261  307  354  400  443  484  526
  567  603  630  648  666  687  712  741  778
     5.0-180.0 180.0   5.0 450.0                            LAT/LON1/LON2/DLON/H
  758  804  857  902  923  916  894  873  865  872  883  876  835  765  690  634
  600  567  522  478  468  505  558  572  520  419  315  240  205  204  232  281
  333  364  359  326  286  255  235  223  214  207  203  200  200  200  199  194
  183  168  151  136  127  132  153  188  227  266  304  347  392  438  481  521
  558  590  614  631  649  670  695  723  758
     2.5-180.0 180.0   5.0 450.0                            LAT/LON1/LON2/DLON/H
  743  784  829  861  866  845  812  787  781  796  819  832  816  772  720  681
  656  628  585  541  525  543  564  542  459  345  247  195  186  205  244  297
  353  389  392  367  329  295  269  249  232  219  211  209  215  225  233  235
  226  209  189  168  155  155  172  203  236  266  297  334  379  427  472  511
  545  573  595  614  633  657  683  710  743
