interface/IONEXdata/COD0OPSFIN_20230660000_01D_01H_GIM.INX
     1.0            IONOSPHERE MAPS     GNSS                IONEX VERSION / TYPE
ADDNEQ2 V5.5        AIUB                11-MAR-23 20:45     PGM / RUN BY / DATE 
CODE'S GLOBAL IONOSPHERE MAPS FOR DAY 066, 2023             COMMENT             
Global ionosphere maps (GIM) are generated on a daily basis DESCRIPTION         
at CODE using data from about 300 GNSS sites of the IGS and DESCRIPTION         
other institutions. The vertical total electron content     DESCRIPTION         
(VTEC) is modeled in a solar-geomagnetic reference frame    DESCRIPTION         
using a spherical harmonics expansion up to degree and      DESCRIPTION         
order 15. Piece-wise linear functions are used for          DESCRIPTION         
representation in the time domain. The time spacing of      DESCRIPTION         
their vertices is 1 hour, conforming with the epochs of the DESCRIPTION         
VTEC maps.                                                  DESCRIPTION         
To convert line-of-sight TEC into vertical TEC, a modified  DESCRIPTION         
single-layer model mapping function approximating the JPL   DESCRIPTION         
extended slab model mapping function is adopted. The        DESCRIPTION         
mapping function is evaluated at geodetic satellite         DESCRIPTION         
elevation angles. For the computation of the ionospheric    DESCRIPTION         
pierce points, a spherical layer with a radius of 6821 km   DESCRIPTION         
is assumed, implying geocentric, not geodetic IONEX         DESCRIPTION         
latitudes.                                                  DESCRIPTION         
Instrumental biases with respect to each involved GNSS code DESCRIPTION         
observable are estimated as constant values for each        DESCRIPTION         
day. They are modeled with one set of bias parameters for   DESCRIPTION         
each satellite and each station in case of GPS and for each DESCRIPTION         
satellite-station link in case of GLONASS. The code bias    DESCRIPTION         
datum is defined by zero-mean conditions imposed on the     DESCRIPTION         
satellite bias estimates. In this file, just GPS C1W-C2W    DESCRIPTION         
satellite and station bias values are included. The         DESCRIPTION         
complete set of GNSS code bias results is provided in an    DESCRIPTION         
additional Bias-SINEX file as pseudo-absolute values        DESCRIPTION         
specific to each observable.                                DESCRIPTION         
Note: These GIM results correspond to the results for the   DESCRIPTION         
middle day of a 3-day combination analysis solving for 73   DESCRIPTION         
times 256, or 18688 VTEC parameters and 3 daily sets of     DESCRIPTION         
GNSS code bias parameters.                                  DESCRIPTION         
Contact address: code(at)aiub.unibe.ch                      DESCRIPTION         
Data archive:    ftp.aiub.unibe.ch/CODE/                    DESCRIPTION         
                 www.aiub.unibe.ch/download/CODE/           DESCRIPTION         
  2023     3     7     0     0     0                        EPOCH OF FIRST MAP  
  2023     3     8     0     0     0                        EPOCH OF LAST MAP   
  3600                                                      INTERVAL            
[...]
brst brux cags cas1 ccj2 cedu chpg chpi chti chur coco cord COMMENT             
cpvg cpxf crar cro1 daej darw dav1 dgar dhlg drao dubo ebre COMMENT             
faa1 fair flin flrs frdn ftna func ganp glps glsv gode godz COMMENT             
gol2 gold gope gras graz guam guug harb hers hert hlfx hob2 COMMENT             
hofn holb hrao hyde iddr ieng iisc ineg invk iqal irkj isba COMMENT             
jog2 joz2 joze kerg kir0 kiri kiru kit3 kokb kokv kouc koug COMMENT             
kour krgg laut lmmf lpal lpgs m0se mac1 madr mal2 mana mas1 COMMENT             
mat1 mate maw1 mcm4 mdo1 mdvj medi mets mgue mizu mkea mnls COMMENT             
mobs monp morp mqzg mro1 mtka nano nico nist nium nklg nlib COMMENT             
nnor not1 nrc1 nrmd ntus nya1 nyal ohi2 onsa opmt ous2 pado COMMENT             
parc park pdel penc pert pie1 pimo pohn pol2 polv pots pove COMMENT             
prds ptag ptbb qaq1 quin rabt ramo reun reyk rgdg rio2 riop COMMENT             
samo sant savo sch2 scor scrz sctb seyg shao smst sofi spt0 COMMENT             
ssia sthl stjo stk2 str2 suth sutm suwn sydn syog tabv tash COMMENT             
thtg thti thu2 tid1 tidb tlse tn22 tong tow2 tro1 tsea tskb COMMENT             
tuva twtf txes uclu ufpr ulab unb3 unbj unsa urum usn7 usud COMMENT             
vald vill voim vtsp wab1 wab2 wark wes2 wgtn whit will wsrt COMMENT             
wtza wtzl wtzr wtzs wuhn xmis yar2 yar3 yarr yell zamb zeck COMMENT             
zim2 zim3 zimm                                              COMMENT             
                                                            END OF HEADER       
[from data line 2574]
     7                                                      START OF TEC MAP    
  2023     3     7     6     0     0                        EPOCH OF CURRENT MAP
    87.5-180.0 180.0   5.0 450.0                            LAT/LON1/LON2/DLON/H
  227  227  227  227  228  228  229  229  230  230  231  231  232  232  232  232
  231  231  230  229  228  227  225  224  222  220  218  216  214  212  210  209
  207  205  204  203  202  201  201  201  201  201  202  202  203  205  206  207
  209  210  212  214  215  217  219  220  221  222  223  224  225  226  226  226
  226  227  227  227  227  227  227  227  227
    85.0-180.0 180.0   5.0 450.0                            LAT/LON1/LON2/DLON/H
  225  224  223  223  224  225  227  229  231  233  236  238  240  242  244  245
  245  245  244  243  240  238  234  230  226  222  217  212  207  202  198  194
  190  186  183  181  179  178  178  178  179  180  182  185  189  192  197  201
  206  211  216  220  225  229  233  236  239  241  243  244  244  244  243  242
  240  238  236  234  232  230  228  226  225
    82.5-180.0 180.0   5.0 450.0                            LAT/LON1/LON2/DLON/H
  217  213  210  209  209  211  213  217  221  226  231  236  241  246  250  252
  254  255  254  252  249  244  239  233  226  219  211  203  196  189  182  176
  171  166  162  159  157  156  156  158  160  164  168  174  181  188  196  205
  214  223  232  241  249  256  263  268  272  275  277  278  277  275  272  268
  264  258  252  245  239  233  227  221  217
    80.0-180.0 180.0   5.0 450.0                            LAT/LON1/LON2/DLON/H
  209  201  195  191  189  190  192  197  203  210  218  226  233  240  246  250
  253  254  254  251  247  241  234  226  218  208  199  190  181  173  166  159
  154  149  146  144  142  142  144  146  151  156  164  173  183  194  206  220
  233  247  260  273  284  295  304  312  317  321  323  322  320  316  311  304
  295  286  275  264  252  241  229  219  209
    77.5-180.0 180.0   5.0 450.0                            LAT/LON1/LON2/DLON/H
  209  195  184  175  170  169  170  175  182  190  199  209  218  226  232  237
  240  242  241  238  234  228  220  212  202  192  183  174  165  158  152  147
  143  140  139  138  138  139  142  146  152  160  170  182  195  210  227  244
  261  279  296  312  326  339  350  358  365  369  370  369  365  360  352  343
  332  319  305  290  274  257  240  224  209
    75.0-180.0 180.0   5.0 450.0                            LAT/LON1/LON2/DLON/H
  219  199  181  167  158  153  152  156  163  171  181  190  198  205  210  214
  217  218  217  215  212  206  199  192  183  174  166  159  152  147  144  142
  141  140  141  142  144  146  150  156  163  173  185  199  215  233  252  273
  293  313  332  350  366  379  391  400  406  409  410  408  404  397  389  378
  367  353  338  321  303  283  262  240  219
    72.5-180.0 180.0   5.0 450.0                            LAT/LON1/LON2/DLON/H
  239  213  189  169  154  145  142  144  150  158  166  173  179  182  185  186
  187  187  187  186  185  182  177  172  165  159  153  148  144  143  142  143
  144  147  149  152  155  158  163  169  178  189  202  219  237  258  279  301
  323  344  363  380  395  408  419  427  432  435  435  432  428  421  413  404
  394  382  369  353  336  315  292  266  239
    70.0-180.0 180.0   5.0 450.0                            LAT/LON1/LON2/DLON/H
  267  235  205  178  157  143  138  138  144  151  157  162  164  163  160  158
  156  155  156  158  160  160  159  157  153  149  146  143  143  143  145  148
  151  154  157  161  164  169  174  181  191  203  218  236  257  279  302  324
  346  365  382  397  410  421  429  436  440  442  442  440  436  430  424  416
  409  401  392  381  367  349  326  298  267
    67.5-180.0 180.0   5.0 450.0                            LAT/LON1/LON2/DLON/H
  298  261  223  189  162  144  136  136  141  149  155  157  155  149  141  134
  129  128  130  135  140  145  148  148  148  146  145  144  145  146  149  152
  154  157  160  163  167  172  178  186  197  211  228  248  271  294  318  339
  359  375  389  399  408  416  422  427  431  434  435  434  431  427  422  418
  414  410  407  402  393  379  359  331  298
    65.0-180.0 180.0   5.0 450.0                            LAT/LON1/LON2/DLON/H
  326  285  241  200  167  144  133  132  139  148  155  156  151  141  129  118
  111  109  113  120  129  137  143  146  147  147  147  147  147  148  150  151
  151  152  154  156  160  165  172  182  195  211  231  253  278  302  326  346
  363  375  384  390  394  398  402  407  413  417  421  422  421  419  416  413
  412  413  414  415  413  404  387  361  326
    62.5-180.0 180.0   5.0 450.0                            LAT/LON1/LON2/DLON/H
  350  306  257  210  169  140  126  124  132  144  153  156  151  139  125  111
  102  101  105  114  124  134  141  145  147  147  147  147  147  146  145  142
  140  138  137  139  143  150  160  172  187  206  228  253  279  305  329  349
  362  370  374  374  374  375  379  385  393  402  409  414  416  415  413  412
  411  414  418  423  426  422  409  385  350
    60.0-180.0 180.0   5.0 450.0                            LAT/LON1/LON2/DLON/H
  371  326  274  221  173  137  117  113  121  134  147  153  150  140  125  112
  102  100  104  113  122  131  138  141  143  144  144  143  142  139  134  128
  122  117  115  117  123  132  144  159  177  198  223  250  279  307  332  351
  362  366  365  361  358  358  362  370  382  395  407  417  422  423  421  418
  417  419  424  430  435  435  426  405  371
    57.5-180.0 180.0   5.0 450.0                            LAT/LON1/LON2/DLON/H
  391  348  296  239  186  142  115  104  109  122  136  146  147  140  128  116
  107  104  107  113  119  125  129  131  132  133  134  134  132  127  119  110
  102   95   93   96  104  117  132  150  170  193  220  249  281  312  338  358
  369  371  366  359  354  353  358  369  385  403  419  432  440  442  440  436
  433  432  435  440  444  445  438  421  391
    55.0-180.0 180.0   5.0 450.0                            LAT/LON1/LON2/DLON/H
  411  375  327  271  213  163  126  106  103  111  125  136  141  139  131  122
  114  110  109  111  113  114  115  115  116  118  120  120  118  113  104   94
   85   79   77   82   93  109  128  148  170  195  223  255  289  323  353  375
  386  388  382  373  366  365  371  384  403  424  443  458  467  470  467  462
  456  452  451  452  454  454  449  435  411
    52.5-180.0 180.0   5.0 450.0                            LAT/LON1/LON2/DLON/H
  432  406  367  316  259  203  156  125  110  110  118  127  134  135  132  126
  120  114  109  105  102   99   97   97   99  102  106  107  105  100   92   83
   76   71   72   80   93  111  133  155  179  205  234  268  306  344  377  403
  416  419  413  404  396  395  401  414  433  453  472  487  495  497  493  487
  479  473  469  466  464  462  457  448  432
    50.0-180.0 180.0   5.0 450.0                            LAT/LON1/LON2/DLON/H
  450  436  411  371  319  262  207  164  136  123  121  125  130  132  132  129
  123  115  106   98   90   84   81   82   86   91   96   98   97   92   86   80
   76   75   78   87  102  122  145  170  195  223  254  291  332  373  411  440
  457  462  458  449  441  438  442  453  469  485  499  510  515  515  510  503
  495  489  483  477  472  466  462  457  450
    47.5-180.0 180.0   5.0 450.0                            LAT/LON1/LON2/DLON/H
  459  459  448  423  381  327  269  217  177  151  137  132  131  133  133  131
  126  116  105   92   82   76   74   78   84   91   96   97   95   91   87   85
   85   87   92  102  117  138  163  189  217  247  282  321  365  410  451  484
  504  512  510  502  494  490  491  497  505  514  520  523  523  519  513  506
  499  494  488  482  474  465  460  458  459
    45.0-180.0 180.0   5.0 450.0                            LAT/LON1/LON2/DLON/H
  455  464  467  456  427  382  327  273  226  190  165  149  141  139  138  136
  131  120  107   94   84   80   82   89   97  104  107  105  100   95   93   95
   99  104  109  117  132  153  180  211  243  277  314  357  403  450  493  528
  551  562  563  558  551  545  542  541  541  539  534  528  520  512  503  496
  491  488  485  479  469  458  450  449  455
    42.5-180.0 180.0   5.0 450.0                            LAT/LON1/LON2/DLON/H
  436  448  458  458  441  408  363  315  268  228  196  173  158  151  148  146
  141  131  118  106   99   99  106  116  126  131  129  122  112  104  103  107
  114  119  124  130  142  165  196  232  270  309  350  395  442  489  532  567
  593  608  613  612  607  602  595  588  578  565  550  534  518  504  493  485
  481  479  477  472  462  448  435  431  436
    40.0-180.0 180.0   5.0 450.0                            LAT/LON1/LON2/DLON/H
  407  412  421  424  416  395  364  327  289  254  222  196  178  168  164  162
  158  149  138  129  127  133  144  156  164  165  158  143  127  116  113  118
  126  131  133  136  148  173  210  253  297  341  386  432  478  523  563  598
  625  645  658  664  665  662  655  643  625  603  578  553  531  513  499  488
  482  479  477  471  459  441  423  410  407
    37.5-180.0 180.0   5.0 450.0                            LAT/LON1/LON2/DLON/H
  380  370  365  361  355  343  325  304  281  257  233  211  194  186  183  183
  180  174  166  162  164  174  188  200  206  202  188  167  145  129  124  128
  134  137  136  137  150  179  223  273  324  372  419  465  509  550  586  619
  649  676  699  716  726  729  725  712  691  663  632  602  576  555  537  523
  512  503  497  487  472  450  424  399  380
    35.0-180.0 180.0   5.0 450.0                            LAT/LON1/LON2/DLON/H
  372  337  311  291  278  268  260  253  245  236  224  212  203  200  201  204
  205  201  197  196  203  216  231  241  242  233  214  189  163  144  135  137
  141  141  137  137  152  187  237  294  349  399  446  490  531  568  601  633
  667  703  740  771  795  808  811  801  781  752  719  688  661  639  620  601
  583  565  549  532  511  484  449  410  372
    32.5-180.0 180.0   5.0 450.0                            LAT/LON1/LON2/DLON/H
  396  336  283  243  216  201  195  194  197  199  201  201  203  208  215  223
  226  225  223  225  235  250  264  270  267  254  234  209  182  161  150  148
  149  145  139  139  157  198  254  315  371  420  465  507  545  579  610  643
  683  731  783  832  872  899  911  909  895  870  839  809  785  765  746  724
  698  668  639  611  583  550  507  455  396
    30.0-180.0 180.0   5.0 450.0                            LAT/LON1/LON2/DLON/H
  461  380  304  243  200  174  161  157  158  165  174  184  196  209  223  234
  240  240  239  243  254  270  282  285  278  265  247  226  203  182  168  163
  160  153  145  146  168  214  274  335  388  433  475  515  552  585  617  655
  703  764  832  899  955  996 1020 1028 1023 1005  980  955  934  918  903  880
  847  806  762  722  685  646  599  537  461
    27.5-180.0 180.0   5.0 450.0                            LAT/LON1/LON2/DLON/H
  568  475  385  310  256  217  190  170  158  155  161  173  190  209  226  238
  243  243  242  246  258  274  285  286  278  267  254  241  225  207  192  183
  176  166  157  159  184  232  292  350  397  437  475  515  554  591  628  671
  728  801  883  964 1034 1086 1121 1141 1147 1139 1122 1101 1084 1073 1063 1044
 1009  961  906  854  808  765  716  651  568
    25.0-180.0 180.0   5.0 450.0                            LAT/LON1/LON2/DLON/H
  702  610  520  446  388  341  296  252  214  189  180  184  198  214  229  237
  239  235  232  237  250  266  278  279  273  265  261  257  248  234  218  206
  195  183  172  174  200  248  305  357  397  431  468  511  556  599  644  695
  760  840  930 1019 1096 1154 1197 1227 1245 1248 1238 1220 1207 1201 1199 1187
 1158 1109 1048  988  936  891  843  782  702
    22.5-180.0 180.0   5.0 450.0                            LAT/LON1/LON2/DLON/H
  841  763  689  629  581  533  475  405  335  278  242  228  228  234  239  239
  233  224  218  221  235  255  269  273  269  267  270  275  273  261  245  229
  214  199  186  187  211  256  309  354  388  420  458  506  559  613  666  724
  794  876  967 1054 1128 1185 1229 1266 1294 1309 1305 1291 1278 1276 1282 1283
 1266 1225 1167 1105 1050 1005  962  909  841
    20.0-180.0 180.0   5.0 450.0                            LAT/LON1/LON2/DLON/H
  962  906  858  824  798  760  696  607  506  415  349  309  288  276  266  252
  235  219  208  209  224  247  266  274  275  276  284  294  295  285  266  246
  228  210  195  193  213  254  302  342  373  405  449  505  568  631  692  756
  825  903  985 1060 1122 1168 1207 1246 1284 1308 1311 1299 1286 1286 1301 1317
 1316 1292 1245 1188 1134 1091 1053 1012  962
    17.5-180.0 180.0   5.0 450.0                            LAT/LON1/LON2/DLON/H
 1043 1012  993  990  991  973  916  818  698  581  487  420  375  342  313  283
  254  228  212  210  225  250  274  288  292  296  304  314  314  301  278  255
  234  213  194  189  206  242  286  323  356  393  444  509  580  651  719  784
  849  916  981 1036 1076 1104 1132 1170 1213 1247 1257 1246 1233 1235 1257 1288
 1307 1304 1274 1229 1180 1139 1107 1076 1043
    15.0-180.0 180.0   5.0 450.0                            LAT/LON1/LON2/DLON/H
 1076 1062 1066 1089 1117 1123 1083  993  871  743  632  546  480  428  380  335
  294  260  237  230  241  266  294  313  320  323  328  332  326  306  279  253
  229  206  185  176  190  223  265  304  341  386  445  517  595  671  741  804
  862  913  956  987 1002 1008 1021 1052 1099 1140 1157 1151 1139 1144 1172 1214
 1252 1270 1261 1230 1189 1150 1120 1097 1076
    12.5-180.0 180.0   5.0 450.0                            LAT/LON1/LON2/DLON/H
 1064 1056 1067 1102 1147 1175 1159 1091  986  867  756  663  587  522  462  406
  356  314  283  268  273  295  323  345  354  355  352  345  329  302  270  240
  215  191  169  158  170  203  246  289  332  385  452  528  608  684  753  813
  860  896  919  926  917  901  898  922  969 1015 1040 1041 1034 1043 1075 1124
 1174 1209 1219 1203 1170 1134 1103 1081 1064
    10.0-180.0 180.0   5.0 450.0                            LAT/LON1/LON2/DLON/H
 1022 1006 1006 1033 1078 1117 1126 1090 1018  926  833  750  676  610  547  487
  433  385  346  320  314  328  354  377  387  383  371  352  324  288  251  220
  195  172  150  140  153  187  233  280  331  390  461  538  615  688  753  808
  848  872  880  870  843  812  796  812  856  905  937  947  951  967 1001 1050
 1103 1146 1169 1165 1139 1103 1071 1044 1022
     7.5-180.0 180.0   5.0 450.0                            LAT/LON1/LON2/DLON/H
  973  937  911  908  933  970  996  994  963  912  852  791  733  677  621  566
  513  463  416  378  358  360  379  400  410  403  382  351  312  268  228  197
  174  153  134  127  143  180  229  280  335  397  468  542  613  680  741  792
  828  847  849  833  802  765  742  751  790  837  874  896  914  939  975 1017
 1061 1101 1127 1130 1108 1074 1039 1007  973
     5.0-180.0 180.0   5.0 450.0                            LAT/LON1/LON2/DLON/H
  938  877  814  770  759  778  809  835  844  835  813  784  752  715  675  631
  584  534  481  431  396  384  394  411  419  409  382  342  294  245  204  176
  156  138  123  121  142  183  233  286  341  402  469  537  601  662  719  769
  806  827  834  826  803  773  752  757  788  829  867  899  932  969 1005 1035
 1061 1086 1105 1107 1087 1054 1020  984  938
     2.5-180.0 180.0   5.0 450.0                            LAT/LON1/LON2/DLON/H
  929  849  750  660  606  596  620  660  698  725  738  740  734  722  702  673
  635  588  532  473  424  398  397  409  414  402  370  324  272  222  183  158
  142  128  119  122  147  191  242  293  344  402  463  524  581  637  692  743
  784  815  837  848  846  835  825  829  850  880  913  952 1000 1048 1083 1096
 1098 1099 1102 1097 1076 1046 1016  982  929
