interface/IONEXdata/COD0OPSFIN_20240440000_01D_01H_GIM.INX
     1.0            IONOSPHERE MAPS     GNSS                IONEX VERSION / TYPE
ADDNEQ2 V5.5        AIUB                17-FEB-24 21:20     PGM / RUN BY / DATE 
CODE'S GLOBAL IONOSPHERE MAPS FOR DAY 044, 2024             COMMENT             
Global ionosphere maps (GIM) are generated on a daily basis DESCRIPTION         
at CODE using data from about 300 GNSS sites of the IGS and DESCRIPTION         
other institutions. The vertical total electron content     DESCRIPTION         
(VTEC) is modeled in a solar-geomagnetic reference frame    DESCRIPTION         
using a spherical harmonics expansion up to degree and      DESCRIPTION         
order 15. Piece-wise linear functions are used for          DESCRIPTION         
representation in the time domain. The time spacing of      DESCRIPTION         
their vertices is 1 hour, conforming with the epochs of the DESCRIPTION         
VTEC maps.                                                  DESCRIPTION         
To convert line-of-sight TEC into vertical TEC, a modified  DESCRIPTION         
single-layer model mapping function approximating the JPL   DESCRIPTION         
extended slab model mapping function is adopted. The        DESCRIPTION         
mapping function is evaluated at geodetic satellite         DESCRIPTION         
elevation angles. For the computation of the ionospheric    DESCRIPTION         
pierce points, a spherical layer with a radius of 6821 km   DESCRIPTION         
is assumed, implying geocentric, not geodetic IONEX         DESCRIPTION         
latitudes.                                                  DESCRIPTION         
Instrumental biases with respect to each involved GNSS code DESCRIPTION         
observable are estimated as constant values for each        DESCRIPTION         
day. They are modeled with one set of bias parameters for   DESCRIPTION         
each satellite and each station in case of GPS and for each DESCRIPTION         
satellite-station link in case of GLONASS. The code bias    DESCRIPTION         
datum is defined by zero-mean conditions imposed on the     DESCRIPTION         
satellite bias estimates. In this file, just GPS C1W-C2W    DESCRIPTION         
satellite and station bias values are included. The         DESCRIPTION         
complete set of GNSS code bias results is provided in an    DESCRIPTION         
additional Bias-SINEX file as pseudo-absolute values        DESCRIPTION         
specific to each observable.                                DESCRIPTION         
Note: These GIM results correspond to the results for the   DESCRIPTION         
middle day of a 3-day combination analysis solving for 73   DESCRIPTION         
times 256, or 18688 VTEC parameters and 3 daily sets of     DESCRIPTION         
GNSS code bias parameters.                                  DESCRIPTION         
Contact address: code(at)aiub.unibe.ch                      DESCRIPTION         
Data archive:    ftp.aiub.unibe.ch/CODE/                    DESCRIPTION         
                 www.aiub.unibe.ch/download/CODE/           DESCRIPTION         
  2024     2    13     0     0     0                        EPOCH OF FIRST MAP  
  2024     2    14     0     0     0                        EPOCH OF LAST MAP   
  3600                                                      INTERVAL            
[...]
badg bake bako barh bjfs bndy bogo bogt bor1 braz brft brst COMMENT             
brux cas1 ccj2 cedu chpg chti chur ckis coco cord cpvg cpxf COMMENT             
cro1 daej darw dav1 dgar dhlg drao dubo ebre faa1 fair flin COMMENT             
flrs frdn func ganp glps glsv gode gol2 gold gope gras graz COMMENT             
guam guat guug harb hers hert hlfx hnpt hob2 hofn holb hrao COMMENT             
hyde iddr ieng iisc impz ineg invk iqal irkj jog2 joz2 joze COMMENT             
karr kerg kir0 kiri kiru kit3 kokb kokv kouc koug kour krgg COMMENT             
lama laut lmmf lpal lpgs m0se mac1 madr mal2 mana mas1 mat1 COMMENT             
mate maw1 mcm4 mdo1 mdvj medi mets mgue mizu mkea mnls mobs COMMENT             
monp morp mqzg mro1 mtka nano naur nico nist nklg nlib nnor COMMENT             
not1 nrc1 nrmd ntus nya1 nyal onsa opmt ous2 pado park pdel COMMENT             
penc pert pie1 pimo pohn pol2 polv pots pove prds ptag ptbb COMMENT             
ptvl qaq1 quin rabt reun reyk rgdg rio2 roth salu samo sant COMMENT             
savo sch2 scor scrz sctb scub seyg sfer sofi spt0 ssia sthl COMMENT             
stjo stk2 str2 suth sutm sydn syog tabv tash thtg thti thu2 COMMENT             
tid1 tidb tlse tn22 tong tow2 tro1 tskb twtf txes uclu ufpr COMMENT             
ulab unb3 unbj unsa urum usn7 usud vald vill voim vtsp wab1 COMMENT             
wab2 wark wgtn whit will wind wsrt wtza wtzl wtzr wtzs wtzz COMMENT             
wuhn xmis yar2 yar3 yarr yell zeck zim2 zim3 zimm           COMMENT             
                                                            END OF HEADER       
[from data line 6435]
    16                                                      START OF TEC MAP    
  2024     2    13    15     0     0                        EPOCH OF CURRENT MAP
    87.5-180.0 180.0   5.0 450.0                            LAT/LON1/LON2/DLON/H
  280  282  284  287  290  293  296  299  303  306  310  314  317  321  324  327
  330  332  335  337  339  340  341  342  343  343  343  342  342  341  339  338
  336  335  333  331  329  327  325  323  321  318  316  314  312  310  308  306
  304  302  300  298  296  294  292  290  288  286  284  282  280  279  278  276
  276  275  275  275  275  276  277  278  280
    85.0-180.0 180.0   5.0 450.0                            LAT/LON1/LON2/DLON/H
  217  220  225  230  236  242  249  256  263  271  278  286  293  300  306  312
  318  323  328  332  335  337  339  340  341  340  339  338  335  333  329  326
  322  317  313  309  305  301  297  293  290  287  285  282  280  279  277  275
  274  272  270  268  265  263  260  256  252  248  244  239  235  230  226  222
  219  216  213  212  211  211  212  214  217
    82.5-180.0 180.0   5.0 450.0                            LAT/LON1/LON2/DLON/H
  150  154  159  166  174  182  192  201  212  222  232  242  252  261  270  278
  286  293  299  304  309  313  316  318  318  318  316  313  309  305  299  292
  286  279  271  265  258  252  247  242  239  236  234  233  233  234  235  236
  237  238  239  239  238  237  234  230  225  220  213  206  198  190  182  174
  167  161  155  151  148  146  146  147  150
    80.0-180.0 180.0   5.0 450.0                            LAT/LON1/LON2/DLON/H
   98  101  106  113  121  130  140  150  161  172  182  193  203  212  221  230
  238  247  254  262  269  275  280  284  286  287  286  283  278  272  264  255
  245  234  224  214  205  197  190  185  181  179  178  180  182  186  191  196
  202  208  213  217  220  222  221  219  215  208  200  191  181  170  159  147
  137  127  118  111  105  100   98   97   98
    77.5-180.0 180.0   5.0 450.0                            LAT/LON1/LON2/DLON/H
   78   78   80   84   90   97  105  114  123  132  140  148  156  163  171  179
  187  195  205  215  225  236  245  253  260  264  265  263  258  251  241  229
  216  202  188  175  163  152  144  137  133  130  131  133  138  145  153  163
  174  184  195  204  212  218  221  222  219  214  206  197  186  174  161  148
  136  124  113  104   95   88   83   79   78
    75.0-180.0 180.0   5.0 450.0                            LAT/LON1/LON2/DLON/H
   92   89   87   86   88   91   95  100  105  110  114  118  121  124  129  134
  141  150  162  176  192  208  224  239  251  260  265  266  262  254  243  228
  212  194  177  160  144  131  120  111  105  102  102  104  109  117  127  139
  153  168  183  197  210  220  227  231  232  229  224  216  207  196  185  174
  163  152  141  131  122  113  105   98   92
    72.5-180.0 180.0   5.0 450.0                            LAT/LON1/LON2/DLON/H
  135  127  120  114  111  109  108  108  108  108  106  105  103  101  102  104
  110  120  135  154  176  200  225  248  267  283  293  296  294  286  273  256
  236  215  193  172  153  137  123  112  104   99   96   96   99  105  114  125
  139  155  172  189  204  218  229  237  241  242  240  236  231  224  218  211
  205  198  191  183  174  164  154  144  135
    70.0-180.0 180.0   5.0 450.0                            LAT/LON1/LON2/DLON/H
  189  177  165  156  147  141  135  131  126  121  115  108  101   96   92   92
   98  110  128  152  182  214  247  279  306  328  343  350  349  341  327  308
  285  259  234  209  187  168  152  139  128  120  114  109  107  108  111  118
  129  142  157  174  190  205  218  228  236  240  242  243  243  243  243  244
  244  244  242  239  233  224  214  202  189
    67.5-180.0 180.0   5.0 450.0                            LAT/LON1/LON2/DLON/H
  234  220  206  193  182  172  164  156  148  140  131  121  112  103   98   97
  103  117  139  169  205  245  285  324  358  384  403  413  414  407  393  372
  347  319  290  262  236  215  196  181  169  157  147  137  128  121  117  117
  120  127  137  150  163  177  190  201  210  218  224  229  234  241  248  256
  265  272  277  279  276  270  261  248  234
    65.0-180.0 180.0   5.0 450.0                            LAT/LON1/LON2/DLON/H
  254  240  226  213  201  191  181  173  164  155  146  136  126  118  113  113
  121  138  163  198  239  283  329  371  408  438  459  472  475  470  457  437
  411  381  349  318  290  266  246  230  216  202  188  173  157  142  129  119
  113  111  114  120  128  138  148  159  168  176  185  193  203  214  227  241
  256  269  280  287  289  285  278  267  254
    62.5-180.0 180.0   5.0 450.0                            LAT/LON1/LON2/DLON/H
  239  228  217  206  197  188  180  173  166  159  152  144  137  132  130  134
  145  165  194  230  273  320  366  409  446  476  498  512  518  517  508  490
  466  436  402  369  339  313  292  275  260  245  228  209  187  165  144  125
  110   99   93   91   92   97  103  111  119  127  135  145  156  168  183  200
  218  234  248  258  263  263  258  249  239
    60.0-180.0 180.0   5.0 450.0                            LAT/LON1/LON2/DLON/H
  194  188  182  176  170  165  160  156  151  148  145  142  141  141  145  154
  170  193  223  261  303  347  391  430  464  492  513  529  538  542  538  526
  505  477  444  409  377  349  328  311  296  281  262  240  215  188  161  136
  113   95   81   72   66   65   67   71   76   83   90   98  107  118  131  145
  161  177  191  201  207  208  206  200  194
    57.5-180.0 180.0   5.0 450.0                            LAT/LON1/LON2/DLON/H
  133  132  131  131  130  129  127  126  125  125  127  130  135  143  155  170
  191  217  249  285  325  364  402  435  464  487  506  523  536  545  549  544
  529  503  471  436  402  374  352  335  320  305  287  264  238  209  180  152
  126  103   84   69   58   51   49   50   53   58   62   67   72   77   84   93
  103  114  124  132  136  138  137  135  133
    55.0-180.0 180.0   5.0 450.0                            LAT/LON1/LON2/DLON/H
   75   78   82   87   90   92   93   93   95   98  104  113  125  140  160  182
  209  238  271  305  339  373  403  430  452  470  487  503  519  533  544  546
  537  516  486  452  418  389  367  350  335  320  302  281  255  228  200  173
  147  123  101   83   69   59   54   52   54   57   59   60   60   58   57   57
   59   63   67   70   72   73   73   73   75
    52.5-180.0 180.0   5.0 450.0                            LAT/LON1/LON2/DLON/H
   36   41   49   56   62   66   68   69   72   77   85   98  115  137  163  193
  224  257  289  320  351  379  403  424  440  453  466  480  496  514  529  537
  533  518  492  460  428  400  377  360  345  329  312  291  268  243  219  194
  171  149  128  109   94   82   76   74   75   77   78   76   72   65   56   48
   41   37   34   33   33   32   32   32   36
    50.0-180.0 180.0   5.0 450.0                            LAT/LON1/LON2/DLON/H
   26   32   40   48   54   58   60   61   63   68   77   91  112  138  170  204
  240  274  306  336  364  388  409  425  437  445  453  464  478  495  511  521
  522  511  490  464  436  410  389  371  354  337  319  298  277  255  234  214
  194  175  156  139  123  112  105  103  104  107  108  107  101   90   76   62
   49   39   32   28   25   23   22   23   26
    47.5-180.0 180.0   5.0 450.0                            LAT/LON1/LON2/DLON/H
   45   49   55   62   68   71   71   71   71   74   82   96  118  146  181  218
  256  292  324  354  380  404  423  438  447  452  455  459  468  480  493  503
  505  499  485  465  444  424  405  386  367  348  327  306  285  265  246  228
  211  194  177  161  146  134  127  125  127  131  136  136  132  122  108   91
   76   63   55   50   47   45   44   43   45
    45.0-180.0 180.0   5.0 450.0                            LAT/LON1/LON2/DLON/H
   82   83   86   91   95   97   96   94   93   94  100  112  133  162  198  236
  274  310  343  373  401  426  447  462  470  472  470  467  467  471  478  484
  487  485  478  469  457  444  428  409  388  365  341  318  296  275  255  236
  218  202  186  170  155  143  134  131  134  140  147  153  153  147  136  122
  108   97   90   87   86   85   84   83   82
    42.5-180.0 180.0   5.0 450.0                            LAT/LON1/LON2/DLON/H
  122  120  121  123  125  126  124  122  119  119  123  135  155  183  219  256
  293  328  361  393  424  451  474  490  498  498  490  480  472  468  469  471
  474  476  477  478  477  472  460  441  417  390  363  337  313  289  265  242
  221  203  186  170  153  139  128  122  123  130  140  150  156  156  151  142
  133  127  124  124  126  127  127  125  122
    40.0-180.0 180.0   5.0 450.0                            LAT/LON1/LON2/DLON/H
  151  147  145  145  147  148  146  144  141  141  145  157  177  206  241  276
  311  344  377  411  444  475  500  516  523  521  510  495  481  472  469  470
  473  479  489  499  508  510  502  483  456  426  396  368  340  311  281  253
  227  206  188  170  152  133  118  108  105  110  120  132  142  148  149  147
  144  142  143  147  152  156  157  155  151
    37.5-180.0 180.0   5.0 450.0                            LAT/LON1/LON2/DLON/H
  161  155  151  151  153  155  155  153  152  152  158  172  196  227  261  295
  326  356  389  425  461  493  518  533  538  533  521  506  493  486  484  488
  494  505  520  538  554  561  554  534  504  471  440  411  381  348  313  278
  247  224  206  187  167  144  123  106   97   97  103  113  124  132  137  139
  140  142  146  151  157  163  166  165  161
    35.0-180.0 180.0   5.0 450.0                            LAT/LON1/LON2/DLON/H
  150  144  140  140  143  146  147  147  147  150  159  178  207  242  278  310
  337  365  397  435  473  504  525  536  538  533  524  514  510  512  520  532
  544  559  577  599  617  625  617  594  561  527  495  467  437  402  363  324
  292  270  253  236  215  188  161  137  120  111  109  112  117  122  126  129
  131  134  137  141  146  151  155  155  150
    32.5-180.0 180.0   5.0 450.0                            LAT/LON1/LON2/DLON/H
  129  123  118  118  122  126  128  129  130  136  150  175  211  252  290  321
  345  371  403  442  480  508  523  527  526  523  521  524  535  555  580  605
  625  643  662  681  696  699  687  659  624  589  560  535  508  474  434  395
  365  348  337  324  303  274  242  212  186  166  152  143  137  134  132  130
  130  130  129  127  127  130  133  133  129
    30.0-180.0 180.0   5.0 450.0                            LAT/LON1/LON2/DLON/H
  108  101   96   96   99  103  105  106  107  115  134  166  209  257  299  329
  352  376  409  449  485  508  515  513  511  512  521  540  572  615  662  703
  733  752  767  778  784  779  759  727  690  655  629  610  588  559  522  487
  463  453  451  445  427  397  363  327  294  263  235  211  191  175  163  154
  148  141  132  123  115  112  113  112  108
    27.5-180.0 180.0   5.0 450.0                            LAT/LON1/LON2/DLON/H
   99   91   84   82   85   88   88   87   88   97  120  157  207  260  305  336
  358  382  417  457  492  509  509  502  500  509  532  570  624  691  759  816
  853  872  879  879  872  856  828  791  752  720  699  686  672  649  617  587
  570  570  578  579  565  537  502  465  427  387  347  308  274  245  221  203
  189  174  157  138  121  111  107  105   99
    25.0-180.0 180.0   5.0 450.0                            LAT/LON1/LON2/DLON/H
  108   97   88   84   84   85   83   79   79   88  113  154  208  265  311  343
  366  392  428  470  502  513  507  499  502  522  560  615  688  773  858  926
  968  983  980  968  948  920  884  844  806  778  762  756  750  733  706  680
  669  676  691  697  686  661  629  594  556  512  464  415  370  331  298  272
  250  228  203  174  148  131  122  116  108
    22.5-180.0 180.0   5.0 450.0                            LAT/LON1/LON2/DLON/H
  133  119  106   99   97   95   91   85   83   92  117  160  214  271  318  351
  375  405  444  487  516  523  515  510  521  554  605  673  756  850  943 1015
 1056 1066 1054 1030  999  962  922  882  847  823  814  814  814  802  776  749
  738  746  762  769  759  736  709  681  649  607  558  507  459  416  378  347
  320  293  262  226  193  169  155  145  133
    20.0-180.0 180.0   5.0 450.0                            LAT/LON1/LON2/DLON/H
  166  149  133  123  119  115  108  101   98  107  132  174  227  281  326  360
  388  422  465  507  534  538  532  534  557  603  664  735  818  911  999 1067
 1103 1107 1089 1058 1020  979  938  901  872  854  851  856  860  848  818  783
  763  763  773  775  762  741  720  702  680  647  606  561  519  479  443  411
  383  355  321  283  246  217  198  183  166
    17.5-180.0 180.0   5.0 450.0                            LAT/LON1/LON2/DLON/H
  199  177  159  147  141  136  128  121  119  128  153  193  243  293  336  370
  403  443  489  531  555  558  556  568  605  662  726  794  867  945 1020 1076
 1104 1103 1083 1051 1011  971  934  904  882  871  872  881  885  869  828  779
  740  723  717  708  690  669  656  649  641  623  597  567  538  509  480  452
  426  400  369  331  294  263  239  220  199
    15.0-180.0 180.0   5.0 450.0                            LAT/LON1/LON2/DLON/H
  221  196  176  163  155  150  143  136  136  149  176  215  260  306  346  383
  421  467  516  557  577  581  585  609  658  721  784  840  895  952 1006 1046
 1065 1063 1045 1017  982  946  915  894  881  877  882  892  893  868  813  741
  678  636  610  587  560  540  533  539  546  546  538  529  518  503  484  463
  442  421  395  363  328  297  270  246  221
    12.5-180.0 180.0   5.0 450.0                            LAT/LON1/LON2/DLON/H
  231  203  181  167  158  152  146  142  146  162  193  233  277  318  357  397
  442  495  546  583  601  605  616  650  708  773  829  869  902  934  966  991
 1002 1002  992  972  944  915  893  880  876  877  884  892  888  853  781  686
  596  528  481  443  410  390  391  407  428  444  455  464  471  471  461  447
  433  419  400  375  345  316  287  259  231
    10.0-180.0 180.0   5.0 450.0                            LAT/LON1/LON2/DLON/H
  230  200  176  161  151  144  138  136  144  166  203  247  290  330  369  413
  466  524  576  611  625  631  648  690  751  812  856  880  892  904  918  930
  938  944  943  934  914  891  876  871  872  876  882  888  878  833  746  631
  518  429  366  319  284  267  273  297  326  353  378  402  421  430  426  416
  407  400  390  374  350  323  294  262  230
     7.5-180.0 180.0   5.0 450.0                            LAT/LON1/LON2/DLON/H
  227  195  170  153  141  131  124  123  134  162  205  255  301  342  382  431
  490  553  606  638  650  658  680  725  784  836  867  876  874  873  876  883
  893  905  915  914  901  882  871  871  875  880  883  883  868  816  720  594
  469  369  299  251  220  210  221  248  279  310  340  368  390  398  394  385
  379  378  376  368  351  327  297  262  227
     5.0-180.0 180.0   5.0 450.0                            LAT/LON1/LON2/DLON/H
  232  199  172  151  135  121  111  109  122  154  204  260  311  354  397  449
  514  580  633  663  675  685  710  755  807  847  865  864  856  852  853  861
  876  897  915  919  908  890  880  881  886  888  886  880  860  807  712  586
  462  364  300  262  243  243  258  282  309  333  358  379  392  391  379  366
  361  365  369  368  357  336  306  270  232
     2.5-180.0 180.0   5.0 450.0                            LAT/LON1/LON2/DLON/H
  251  217  188  163  142  122  108  103  115  149  203  265  322  368  412  466
  534  602  655  684  697  711  739  779  821  847  854  849  844  845  853  868
  890  917  938  943  930  910  899  900  903  900  891  879  856  807  720  608
  499  417  370  352  351  362  380  398  412  423  432  437  431  411  385  366
  360  367  376  380  374  356  326  289  251
