interface/IONEXdata/COD0OPSFIN_20223530000_01D_01H_GIM.INX
     1.0            IONOSPHERE MAPS     GNSS                IONEX VERSION / TYPE
ADDNEQ2 V5.5        AIUB                23-DEC-22 23:23     PGM / RUN BY / DATE 
CODE'S GLOBAL IONOSPHERE MAPS FOR DAY 353, 2022             COMMENT             
Global ionosphere maps (GIM) are generated on a daily basis DESCRIPTION         
at CODE using data from about 300 GNSS sites of the IGS and DESCRIPTION         
other institutions. The vertical total electron content     DESCRIPTION         
(VTEC) is modeled in a solar-geomagnetic reference frame    DESCRIPTION         
using a spherical harmonics expansion up to degree and      DESCRIPTION         
order 15. Piece-wise linear functions are used for          DESCRIPTION         
representation in the time domain. The time spacing of      DESCRIPTION         
their vertices is 1 hour, conforming with the epochs of the DESCRIPTION         
VTEC maps.                                                  DESCRIPTION         
To convert line-of-sight TEC into vertical TEC, a modified  DESCRIPTION         
single-layer model mapping function approximating the JPL   DESCRIPTION         
extended slab model mapping function is adopted. The        DESCRIPTION         
mapping function is evaluated at geodetic satellite         DESCRIPTION         
elevation angles. For the computation of the ionospheric    DESCRIPTION         
pierce points, a spherical layer with a radius of 6821 km   DESCRIPTION         
is assumed, implying geocentric, not geodetic IONEX         DESCRIPTION         
latitudes.                                                  DESCRIPTION         
Instrumental biases with respect to each involved GNSS code DESCRIPTION         
observable are estimated as constant values for each        DESCRIPTION         
day. They are modeled with one set of bias parameters for   DESCRIPTION         
each satellite and each station in case of GPS and for each DESCRIPTION         
satellite-station link in case of GLONASS. The code bias    DESCRIPTION         
datum is defined by zero-mean conditions imposed on the     DESCRIPTION         
satellite bias estimates. In this file, just GPS C1W-C2W    DESCRIPTION         
satellite and station bias values are included. The         DESCRIPTION         
complete set of GNSS code bias results is provided in an    DESCRIPTION         
additional Bias-SINEX file as pseudo-absolute values        DESCRIPTION         
specific to each observable.                                DESCRIPTION         
Note: These GIM results correspond to the results for the   DESCRIPTION         
middle day of a 3-day combination analysis solving for 73   DESCRIPTION         
times 256, or 18688 VTEC parameters and 3 daily sets of     DESCRIPTION         
GNSS code bias parameters.                                  DESCRIPTION         
Contact address: code(at)aiub.unibe.ch                      DESCRIPTION         
Data archive:    ftp.aiub.unibe.ch/CODE/                    DESCRIPTION         
                 www.aiub.unibe.ch/download/CODE/           DESCRIPTION         
  2022    12    19     0     0     0                        EPOCH OF FIRST MAP  
  2022    12    20     0     0     0                        EPOCH OF LAST MAP   
  3600                                                      INTERVAL            
[...]
bshm cas1 ccj2 cedu chpg chpi chti chur ckis coco cord cpvg COMMENT             
cpxf crar cro1 daej darw dav1 dgar dhlg drao dubo ebre faa1 COMMENT             
fair flin flrs frdn ftna func ganp glps gode godz gol2 gold COMMENT             
gope gras graz guam harb hers hert hlfx hnlc hob2 hofn holb COMMENT             
hrao hyde iddr ieng iisc invk iqal irkj joz2 joze karr kerg COMMENT             
kir0 kiri kiru kit3 kokb kokv koug kour krgg lae1 laut lmmf COMMENT             
lpal lpgs m0se mac1 madr mal2 mana mas1 mat1 mate maw1 mcm4 COMMENT             
mdo1 mdvj medi mets mgue mizu mkea mobs monp morp mqzg mro1 COMMENT             
mtka nano nico nist nium nklg nlib nnor not1 nrc1 ntus nya1 COMMENT             
nyal ohi2 onsa opmt ous2 pado parc park pdel penc pert pie1 COMMENT             
pimo pohn pol2 polv pots pove prds ptag ptbb ptvl qaq1 quin COMMENT             
ramo reun reyk rgdg rio2 riop roth salu samo sant savo sch2 COMMENT             
scor scrz sctb scub seyg smst sofi spt0 ssia sthl stjo stk2 COMMENT             
str2 suth sutm suwn sydn syog tabl tabv tash thtg thti thu2 COMMENT             
tid1 tidb tlse tn22 tong tow2 tro1 tsea tskb tuva twtf txes COMMENT             
uclu ufpr ulab unb3 unbj unsa urum usn7 usud vald vill voim COMMENT             
vtsp wab1 wab2 wark wgtn whit will wind wsrt wtza wtzl wtzr COMMENT             
wtzs wtzz wuhn xmis yar2 yar3 yarr yell ykro zamb zeck zim2 COMMENT             
zim3 zimm                                                   COMMENT             
                                                            END OF HEADER       
     1                                                      START OF TEC MAP    
  2022    12    19     0     0     0                        EPOCH OF CURRENT MAP
    87.5-180.0 180.0   5.0 450.0                            LAT/LON1/LON2/DLON/H
   38   38   39   39   40   41   41   41   42   42   42   42   42   42   42   42
   42   42   41   41   40   39   39   38   37   36   35   34   33   32   31   30
   29   28   27   26   25   25   24   23   22   22   21   21   21   21   21   21
   21   21   22   22   23   23   24   24   25   26   27   28   28   29   30   31
   32   33   33   34   35   36   36   37   38
    85.0-180.0 180.0   5.0 450.0                            LAT/LON1/LON2/DLON/H
   45   46   47   48   49   50   51   52   52   53   54   54   55   55   55   55
   54   54   53   52   51   50   48   47   45   44   42   41   39   37   35   33
   32   30   28   26   24   23   21   20   19   18   17   16   15   15   15   15
   16   17   17   18   20   21   23   24   26   27   29   31   32   34   35   37
   38   39   40   41   42   43   44   44   45
    82.5-180.0 180.0   5.0 450.0                            LAT/LON1/LON2/DLON/H
   54   55   55   56   57   58   60   61   62   64   65   65   66   66   66   65
   65   64   62   61   60   58   56   55   53   52   50   48   46   44   42   40
   38   36   34   32   30   28   26   24   22   20   19   18   17   16   16   16
   17   18   19   21   23   25   27   30   32   35   37   39   42   44   45   47
   48   50   51   51   52   53   53   53   54
    80.0-180.0 180.0   5.0 450.0                            LAT/LON1/LON2/DLON/H
   66   66   66   66   67   68   70   72   73   75   76   77   76   76   75   73
   71   69   67   65   64   62   61   60   59   58   57   56   55   54   52   51
   49   48   46   44   42   39   37   35   32   30   28   27   25   25   24   24
   25   26   28   30   32   35   37   40   43   46   49   52   54   57   59   61
   63   64   65   66   66   66   66   66   66
    77.5-180.0 180.0   5.0 450.0                            LAT/LON1/LON2/DLON/H
   84   83   82   82   82   83   84   86   88   89   90   89   87   85   81   77
   73   69   66   64   62   61   61   62   62   63   64   64   64   64   64   63
   63   62   60   59   57   55   53   51   48   46   43   41   40   39   38   38
   38   39   41   42   45   47   50   52   55   58   61   64   67   69   72   75
   78   80   82   84   85   85   85   85   84
    75.0-180.0 180.0   5.0 450.0                            LAT/LON1/LON2/DLON/H
  110  109  107  105  104  104  105  107  108  108  108  105  100   94   86   78
   71   65   60   57   56   57   59   61   64   67   69   71   73   74   74   75
   75   75   74   74   73   71   69   67   65   63   60   58   56   55   54   54
   54   55   56   57   58   60   62   63   65   67   70   72   75   79   82   87
   91   96  100  105  108  110  111  111  110
    72.5-180.0 180.0   5.0 450.0                            LAT/LON1/LON2/DLON/H
  145  143  140  136  134  133  133  134  134  134  131  125  116  104   91   78
   66   57   51   48   49   51   56   61   66   71   74   77   79   81   81   82
   83   83   83   83   83   82   81   79   77   75   73   72   70   69   69   68
   68   69   69   69   69   70   70   70   71   71   73   75   78   82   87   93
  100  109  117  126  133  139  143  145  145
    70.0-180.0 180.0   5.0 450.0                            LAT/LON1/LON2/DLON/H
  184  183  178  173  169  166  165  165  165  164  158  149  135  117   97   78
   62   50   43   41   43   48   55   62   69   74   78   80   82   82   83   83
   83   83   83   84   84   84   83   82   81   80   79   78   78   78   78   78
   78   78   78   77   76   74   72   71   70   69   69   71   74   78   85   93
  104  116  130  144  157  169  178  183  184
    67.5-180.0 180.0   5.0 450.0                            LAT/LON1/LON2/DLON/H
  224  223  218  212  205  200  198  197  197  195  188  175  156  132  106   81
   61   47   39   38   42   49   57   65   71   76   78   79   79   78   77   76
   75   74   74   75   75   75   76   76   76   76   76   76   77   78   79   80
   81   81   80   78   75   72   68   65   63   61   61   62   65   70   78   89
  103  119  137  157  177  195  209  219  224
    65.0-180.0 180.0   5.0 450.0                            LAT/LON1/LON2/DLON/H
  257  258  254  245  237  230  226  225  226  223  215  200  177  148  117   88
   65   50   43   43   48   55   63   69   73   75   75   74   71   68   65   63
   61   60   59   59   59   60   61   61   62   64   65   67   69   72   74   76
   77   77   75   73   69   64   59   55   51   49   49   51   55   62   71   83
   99  118  140  164  189  213  233  248  257
    62.5-180.0 180.0   5.0 450.0                            LAT/LON1/LON2/DLON/H
  279  283  280  271  260  251  247  246  246  245  237  221  196  164  131  101
   77   62   56   56   60   65   69   72   72   70   67   63   59   55   51   48
   45   43   42   42   42   43   44   45   47   49   52   55   58   61   65   67
   68   68   66   63   58   52   47   42   39   38   38   42   47   55   66   79
   96  116  139  165  193  221  246  266  279
    60.0-180.0 180.0   5.0 450.0                            LAT/LON1/LON2/DLON/H
  288  296  295  287  275  264  258  256  257  257  251  235  210  179  146  117
   95   81   76   75   76   77   75   72   67   61   56   51   46   42   38   35
   32   30   29   29   29   30   31   33   35   38   41   44   48   51   55   57
   58   58   56   52   47   41   35   31   29   29   32   37   45   55   67   81
   97  116  137  162  190  219  247  271  288
    57.5-180.0 180.0   5.0 450.0                            LAT/LON1/LON2/DLON/H
  285  298  300  294  282  270  262  259  260  261  256  242  220  191  162  136
  117  105   99   96   92   87   78   69   59   51   45   40   36   33   30   28
   27   26   26   26   26   27   28   30   32   34   37   40   43   46   48   50
   51   50   48   44   39   34   29   25   24   26   31   40   50   63   76   90
  105  120  138  159  183  210  238  265  285
    55.0-180.0 180.0   5.0 450.0                            LAT/LON1/LON2/DLON/H
  276  293  300  296  286  273  262  258  257  258  254  243  224  200  176  155
  139  129  122  115  105   93   79   64   52   43   38   35   33   31   30   30
   30   31   32   33   35   36   37   38   39   41   43   45   47   48   49   50
   50   49   46   43   38   33   29   26   27   30   38   48   62   77   92  106
  118  131  144  159  178  200  225  252  276
    52.5-180.0 180.0   5.0 450.0                            LAT/LON1/LON2/DLON/H
  264  285  297  298  290  277  264  257  254  252  248  239  224  206  187  171
  159  149  139  128  113   96   77   61   49   42   39   38   38   38   38   38
   40   43   46   49   52   53   54   55   56   57   58   59   59   59   58   57
   55   54   52   49   45   41   38   36   37   41   50   63   78   95  111  125
  137  147  155  165  177  193  214  238  264
    50.0-180.0 180.0   5.0 450.0                            LAT/LON1/LON2/DLON/H
  255  279  297  303  298  285  271  260  253  248  242  233  222  209  196  184
  173  162  149  134  116   97   78   64   54   50   49   50   50   49   49   50
   53   58   64   69   73   75   76   76   76   77   77   77   76   75   72   70
   68   66   64   62   59   56   53   51   53   57   66   79   96  114  131  146
  157  165  172  177  184  193  208  230  255
    47.5-180.0 180.0   5.0 450.0                            LAT/LON1/LON2/DLON/H
  252  278  299  310  308  297  282  269  258  249  239  229  220  211  202  193
  182  168  152  135  117  100   85   75   69   68   69   69   66   63   60   60
   64   70   78   85   90   94   95   95   95   95   96   96   95   93   90   86
   83   81   80   79   77   74   72   71   71   76   84   97  113  132  149  164
  176  184  190  195  198  203  212  228  252
    45.0-180.0 180.0   5.0 450.0                            LAT/LON1/LON2/DLON/H
  254  279  303  318  319  310  296  281  267  254  240  228  219  213  208  199
  185  168  150  134  120  108   99   94   93   93   93   89   82   74   67   65
   68   75   85   93  100  104  106  107  107  108  110  111  112  110  107  102
   99   97   96   96   94   92   90   89   90   93  101  113  129  146  163  178
  190  200  208  215  218  220  223  234  254
    42.5-180.0 180.0   5.0 450.0                            LAT/LON1/LON2/DLON/H
  260  282  306  322  326  319  307  293  278  262  246  231  222  217  213  203
  187  167  149  135  127  122  120  119  119  119  114  106   93   79   69   64
   66   74   83   93  100  105  108  109  111  113  116  120  123  122  119  115
  110  108  108  108  107  106  104  103  104  108  115  127  142  158  174  188
  200  212  224  235  240  241  241  246  260
    40.0-180.0 180.0   5.0 450.0                            LAT/LON1/LON2/DLON/H
  267  284  305  320  324  320  311  300  288  272  253  237  227  223  219  208
  189  167  150  142  140  142  143  143  141  136  127  114   97   80   67   61
   63   69   78   86   93   98  101  104  106  111  116  123  128  129  127  121
  116  113  112  112  112  111  110  111  113  118  127  138  153  169  183  196
  208  221  237  252  262  264  261  260  267
    37.5-180.0 180.0   5.0 450.0                            LAT/LON1/LON2/DLON/H
  274  285  300  312  314  310  305  300  293  279  261  243  233  230  226  214
  194  173  159  155  159  163  162  157  150  140  128  113   96   80   69   63
   63   68   74   80   85   89   92   95   99  105  113  121  129  132  129  122
  114  109  108  109  108  108  108  111  117  125  135  149  164  179  193  204
  214  228  246  266  281  286  281  274  274
    35.0-180.0 180.0   5.0 450.0                            LAT/LON1/LON2/DLON/H
  282  286  295  300  299  293  291  292  292  283  267  250  239  237  234  223
  203  184  172  172  177  178  171  157  142  129  118  107   97   87   81   78
   77   78   80   82   84   85   87   90   95  102  110  120  128  131  127  117
  107  100   98   98   98   98  100  106  116  128  143  159  175  191  204  214
  223  236  256  279  297  304  299  288  282
    32.5-180.0 180.0   5.0 450.0                            LAT/LON1/LON2/DLON/H
  294  292  295  293  285  276  274  280  287  285  271  255  245  243  241  232
  215  198  189  189  190  182  163  140  120  108  103  104  106  108  111  111
  109  106  102   98   95   92   92   94   99  105  112  121  129  131  124  111
   97   87   84   84   84   84   88   98  113  131  151  170  189  205  219  228
  236  248  266  290  311  321  316  303  294
    30.0-180.0 180.0   5.0 450.0                            LAT/LON1/LON2/DLON/H
  312  308  306  298  283  267  262  270  283  285  275  259  248  247  247  241
  226  212  203  200  192  172  141  109   89   84   94  111  130  148  159  163
  160  151  141  130  121  113  109  109  112  115  120  126  132  131  121  104
   87   75   71   71   71   71   77   90  111  136  161  183  203  221  235  246
  253  263  280  303  326  338  335  323  312
    27.5-180.0 180.0   5.0 450.0                            LAT/LON1/LON2/DLON/H
  341  337  334  322  298  274  263  269  283  289  280  264  252  249  250  246
  235  221  211  200  182  149  110   76   62   72   99  136  173  204  224  229
  222  208  192  175  159  146  137  134  133  133  133  135  137  133  120  100
   79   66   62   62   61   62   70   87  114  144  173  198  219  238  253  265
  274  283  298  319  342  358  359  350  341
    25.0-180.0 180.0   5.0 450.0                            LAT/LON1/LON2/DLON/H
  380  380  379  365  336  303  282  282  293  299  290  272  257  251  251  248
  239  224  209  190  161  121   80   53   54   82  127  180  230  270  294  298
  287  267  246  225  205  186  172  164  159  154  148  144  142  135  120   98
   76   62   58   58   58   59   69   90  121  157  189  215  236  254  270  284
  296  305  318  339  363  382  388  385  380
    22.5-180.0 180.0   5.0 450.0                            LAT/LON1/LON2/DLON/H
  427  433  437  426  394  352  321  311  316  318  307  285  266  256  253  249
  239  222  200  172  137   97   64   54   74  120  178  238  292  333  355  356
  340  316  293  271  249  226  207  194  184  173  161  152  145  136  120   97
   76   63   60   61   61   63   74   98  134  173  207  234  253  269  286  302
  316  328  341  361  387  410  422  425  427
    20.0-180.0 180.0   5.0 450.0                            LAT/LON1/LON2/DLON/H
  474  488  500  495  464  417  376  355  350  347  332  306  281  265  258  252
  239  218  189  156  120   89   74   86  126  184  245  300  346  379  395  390
  370  345  323  304  283  259  236  218  203  187  169  154  143  134  119   98
   78   67   66   67   68   71   84  112  150  192  227  253  270  284  300  318
  335  349  363  383  412  440  458  466  474
    17.5-180.0 180.0   5.0 450.0                            LAT/LON1/LON2/DLON/H
  516  537  558  562  536  489  440  408  394  383  364  335  305  283  271  261
  245  219  186  150  121  107  116  151  206  265  315  352  379  398  405  394
  372  348  332  320  304  280  254  232  213  193  171  151  138  128  116   98
   82   74   73   75   76   81   98  128  169  211  247  271  287  298  313  332
  351  367  382  405  436  467  490  503  516
    15.0-180.0 180.0   5.0 450.0                            LAT/LON1/LON2/DLON/H
  546  572  601  616  600  556  504  465  441  425  402  371  337  311  294  281
  261  232  197  165  148  154  187  241  300  347  372  381  383  385  383  371
  349  330  321  318  309  288  262  237  216  193  167  144  129  121  112   99
   86   80   80   82   84   92  111  145  187  229  264  288  302  313  326  345
  365  382  399  422  455  490  515  530  546
    12.5-180.0 180.0   5.0 450.0                            LAT/LON1/LON2/DLON/H
  561  590  627  652  647  611  562  518  489  468  444  412  377  348  329  313
  293  263  229  204  202  228  279  339  389  412  405  380  357  345  340  329
  312  299  298  303  302  286  260  235  213  189  162  137  121  114  108  100
   91   87   86   87   90  100  124  161  204  245  278  302  316  327  340  358
  378  395  412  435  469  504  530  544  561
    10.0-180.0 180.0   5.0 450.0                            LAT/LON1/LON2/DLON/H
  562  592  635  669  675  650  607  565  534  511  486  456  422  394  374  358
  339  311  282  267  278  318  374  427  456  447  405  350  309  292  289  285
  275  268  273  285  289  277  254  230  209  186  159  133  117  111  108  103
   97   93   91   90   93  108  136  176  218  256  288  312  328  340  353  371
  390  406  421  444  476  509  533  546  562
     7.5-180.0 180.0   5.0 450.0                            LAT/LON1/LON2/DLON/H
  554  587  632  673  688  673  639  602  573  550  527  499  469  443  425  412
  397  374  353  346  366  409  457  489  487  445  375  303  255  242  249  256
  253  249  255  269  277  268  247  225  207  186  162  137  121  115  114  112
  107  102   97   93   97  114  147  188  229  264  293  317  335  349  364  382
  400  414  428  447  476  506  527  538  554
     5.0-180.0 180.0   5.0 450.0                            LAT/LON1/LON2/DLON/H
  545  580  628  670  690  683  659  631  606  585  564  540  513  491  477  469
  459  444  430  430  451  485  512  514  480  412  328  253  214  214  236  254
  256  251  253  263  269  261  242  223  208  193  172  149  134  128  128  127
  121  113  105   98  102  122  158  200  238  269  294  317  338  355  371  389
  406  420  431  448  471  496  515  527  545
     2.5-180.0 180.0   5.0 450.0                            LAT/LON1/LON2/DLON/H
  542  582  630  670  689  687  671  652  634  616  597  575  552  534  524  521
  517  509  502  506  521  536  533  501  440  360  279  220  199  218  255  283
  286  275  267  267  267  257  240  224  214  204  188  169  155  150  150  148
  141  129  116  106  109  131  169  210  245  271  293  315  336  355  372  391
  408  421  431  444  463  484  501  517  542
