interface/IONEXdata/COD0OPSFIN_20230660000_01D_01H_GIM.INX
     1.0            IONOSPHERE MAPS     GNSS                IONEX VERSION / TYPE
ADDNEQ2 V5.5        AIUB                11-MAR-23 20:45     PGM / RUN BY / DATE 
CODE'S GLOBAL IONOSPHERE MAPS FOR DAY 066, 2023             COMMENT             
Global ionosphere maps (GIM) are generated on a daily basis DESCRIPTION         
at CODE using data from about 300 GNSS sites of the IGS and DESCRIPTION         
other institutions. The vertical total electron content     DESCRIPTION         
(VTEC) is modeled in a solar-geomagnetic reference frame    DESCRIPTION         
using a spherical harmonics expansion up to degree and      DESCRIPTION         
order 15. Piece-wise linear functions are used for          DESCRIPTION         
representation in the time domain. The time spacing of      DESCRIPTION         
their vertices is 1 hour, conforming with the epochs of the DESCRIPTION         
VTEC maps.                                                  DESCRIPTION         
To convert line-of-sight TEC into vertical TEC, a modified  DESCRIPTION         
single-layer model mapping function approximating the JPL   DESCRIPTION         
extended slab model mapping function is adopted. The        DESCRIPTION         
mapping function is evaluated at geodetic satellite         DESCRIPTION         
elevation angles. For the computation of the ionospheric    DESCRIPTION         
pierce points, a spherical layer with a radius of 6821 km   DESCRIPTION         
is assumed, implying geocentric, not geodetic IONEX         DESCRIPTION         
latitudes.                                                  DESCRIPTION         
Instrumental biases with respect to each involved GNSS code DESCRIPTION         
observable are estimated as constant values for each        DESCRIPTION         
day. They are modeled with one set of bias parameters for   DESCRIPTION         
each satellite and each station in case of GPS and for each DESCRIPTION         
satellite-station link in case of GLONASS. The code bias    DESCRIPTION         
datum is defined by zero-mean conditions imposed on the     DESCRIPTION         
satellite bias estimates. In this file, just GPS C1W-C2W    DESCRIPTION         
satellite and station bias values are included. The         DESCRIPTION         
complete set of GNSS code bias results is provided in an    DESCRIPTION         
additional Bias-SINEX file as pseudo-absolute values        DESCRIPTION         
specific to each observable.                                DESCRIPTION         
Note: These GIM results correspond to the results for the   DESCRIPTION         
middle day of a 3-day combination analysis solving for 73   DESCRIPTION         
times 256, or 18688 VTEC parameters and 3 daily sets of     DESCRIPTION         
GNSS code bias parameters.                                  DESCRIPTION         
Contact address: code(at)aiub.unibe.ch                      DESCRIPTION         
Data archive:    ftp.aiub.unibe.ch/CODE/                    DESCRIPTION         
                 www.aiub.unibe.ch/download/CODE/           DESCRIPTION         
  2023     3     7     0     0     0                        EPOCH OF FIRST MAP  
  2023     3     8     0     0     0                        EPOCH OF LAST MAP   
  3600                                                      INTERVAL            
[...]
brst brux cags cas1 ccj2 cedu chpg chpi chti chur coco cord COMMENT             
cpvg cpxf crar cro1 daej darw dav1 dgar dhlg drao dubo ebre COMMENT             
faa1 fair flin flrs frdn ftna func ganp glps glsv gode godz COMMENT             
gol2 gold gope gras graz guam guug harb hers hert hlfx hob2 COMMENT             
hofn holb hrao hyde iddr ieng iisc ineg invk iqal irkj isba COMMENT             
jog2 joz2 joze kerg kir0 kiri kiru kit3 kokb kokv kouc koug COMMENT             
kour krgg laut lmmf lpal lpgs m0se mac1 madr mal2 mana mas1 COMMENT             
mat1 mate maw1 mcm4 mdo1 mdvj medi mets mgue mizu mkea mnls COMMENT             
mobs monp morp mqzg mro1 mtka nano nico nist nium nklg nlib COMMENT             
nnor not1 nrc1 nrmd ntus nya1 nyal ohi2 onsa opmt ous2 pado COMMENT             
parc park pdel penc pert pie1 pimo pohn pol2 polv pots pove COMMENT             
prds ptag ptbb qaq1 quin rabt ramo reun reyk rgdg rio2 riop COMMENT             
samo sant savo sch2 scor scrz sctb seyg shao smst sofi spt0 COMMENT             
ssia sthl stjo stk2 str2 suth sutm suwn sydn syog tabv tash COMMENT             
thtg thti thu2 tid1 tidb tlse tn22 tong tow2 tro1 tsea tskb COMMENT             
tuva twtf txes uclu ufpr ulab unb3 unbj unsa urum usn7 usud COMMENT             
vald vill voim vtsp wab1 wab2 wark wes2 wgtn whit will wsrt COMMENT             
wtza wtzl wtzr wtzs wuhn xmis yar2 yar3 yarr yell zamb zeck COMMENT             
zim2 zim3 zimm                                              COMMENT             
                                                            END OF HEADER       
     1                                                      START OF TEC MAP    
  2023     3     7     0     0     0                        EPOCH OF CURRENT MAP
    87.5-180.0 180.0   5.0 450.0                            LAT/LON1/LON2/DLON/H
  254  255  256  257  257  256  256  254  253  251  248  245  242  238  234  229
  224  219  213  208  202  196  190  184  178  173  167  162  157  153  149  146
  143  141  139  138  137  137  137  138  140  142  145  147  151  154  158  162
  167  171  176  180  185  190  194  199  203  208  212  216  220  224  228  232
  235  238  241  244  246  249  251  253  254
    85.0-180.0 180.0   5.0 450.0                            LAT/LON1/LON2/DLON/H
  293  296  300  303  305  307  307  307  307  305  301  297  292  286  278  270
  261  251  240  229  217  205  193  181  170  158  147  136  126  117  109  102
   97   92   89   87   86   87   88   91   95  100  105  111  118  126  133  141
  149  157  166  174  182  189  197  204  211  217  224  230  235  241  246  251
  256  261  266  271  276  280  285  289  293
    82.5-180.0 180.0   5.0 450.0                            LAT/LON1/LON2/DLON/H
  310  317  325  332  338  344  349  352  354  354  352  348  342  334  324  313
  301  288  273  258  243  227  211  195  178  162  146  131  117  104   92   82
   73   67   62   60   59   61   64   68   74   81   88   97  106  116  125  135
  145  155  164  174  183  191  199  206  213  220  226  231  237  242  247  253
  258  264  269  276  282  289  295  303  310
    80.0-180.0 180.0   5.0 450.0                            LAT/LON1/LON2/DLON/H
  309  321  333  345  357  368  378  387  392  395  395  392  385  375  364  350
  335  320  304  288  272  255  239  222  205  187  169  152  134  118  103   90
   80   72   67   64   64   66   69   75   81   89   97  105  114  123  132  141
  150  158  167  175  182  189  195  201  206  211  215  219  223  227  232  237
  242  248  255  262  270  279  288  298  309
    77.5-180.0 180.0   5.0 450.0                            LAT/LON1/LON2/DLON/H
  300  315  332  349  366  384  400  414  424  430  431  427  418  405  389  371
  353  336  321  306  294  282  270  257  244  228  211  193  174  156  139  124
  112  104   98   96   96   98  102  107  113  119  125  130  136  141  146  152
  157  163  168  173  177  181  184  187  189  191  193  195  197  201  205  210
  216  224  232  241  251  262  273  286  300
    75.0-180.0 180.0   5.0 450.0                            LAT/LON1/LON2/DLON/H
  292  309  328  349  372  395  417  436  451  460  461  454  440  420  397  372
  349  330  316  306  301  298  295  291  284  273  259  242  223  204  186  170
  158  149  144  142  143  146  150  154  158  161  162  163  163  162  162  162
  162  163  164  165  166  167  167  166  166  165  165  165  167  171  176  183
  191  201  212  223  236  249  262  277  292
    72.5-180.0 180.0   5.0 450.0                            LAT/LON1/LON2/DLON/H
  292  310  329  351  376  403  431  456  476  488  488  477  456  425  390  355
  325  302  289  285  288  297  306  312  314  310  300  284  265  246  227  210
  198  190  186  186  189  192  196  199  200  199  195  190  184  177  170  164
  160  157  154  153  151  149  146  144  141  138  137  138  140  145  153  163
  175  189  203  218  233  247  262  277  292
    70.0-180.0 180.0   5.0 450.0                            LAT/LON1/LON2/DLON/H
  303  318  335  355  381  410  441  472  497  513  514  499  468  425  377  328
  287  259  246  247  259  278  299  315  325  326  318  304  285  265  246  230
  219  213  211  213  216  221  224  226  225  220  213  203  191  179  168  158
  150  144  140  137  134  131  127  123  120  117  117  119  124  132  144  158
  174  191  209  227  244  260  275  289  303
    67.5-180.0 180.0   5.0 450.0                            LAT/LON1/LON2/DLON/H
  320  331  344  360  383  411  445  481  513  533  537  520  482  428  366  304
  251  216  200  203  221  248  275  297  311  314  306  292  273  254  236  223
  214  210  210  213  218  222  226  227  225  219  209  197  182  168  154  142
  134  127  123  121  118  115  112  109  106  105  107  112  121  134  150  168
  187  208  227  247  265  281  296  309  320
    65.0-180.0 180.0   5.0 450.0                            LAT/LON1/LON2/DLON/H
  339  347  354  365  381  407  440  480  517  545  555  540  500  440  367  294
  231  188  168  170  188  215  242  263  275  275  266  251  233  216  202  192
  187  185  187  190  195  199  202  202  200  194  185  173  159  145  132  121
  114  109  107  106  105  103  101  100   99  101  107  117  132  150  170  192
  213  234  253  272  289  305  319  330  339
    62.5-180.0 180.0   5.0 450.0                            LAT/LON1/LON2/DLON/H
  358  363  366  370  379  398  428  468  511  547  565  557  522  461  386  307
  239  189  163  159  170  190  209  222  226  220  208  193  178  166  157  153
  151  152  153  156  158  160  161  162  160  156  150  140  129  118  107   99
   94   92   92   94   94   95   94   95   98  104  116  132  153  177  201  225
  246  265  282  296  310  324  337  349  358
    60.0-180.0 180.0   5.0 450.0                            LAT/LON1/LON2/DLON/H
  376  382  383  381  382  392  415  451  495  537  565  568  543  491  421  346
  277  225  192  178  177  182  186  184  177  164  149  136  126  121  120  121
  123  125  125  124  123  121  120  119  119  117  114  109  101   93   85   80
   78   79   82   84   87   88   89   92   98  110  128  152  179  208  237  262
  282  297  308  317  327  338  351  365  376
    57.5-180.0 180.0   5.0 450.0                            LAT/LON1/LON2/DLON/H
  397  408  411  407  401  401  413  440  480  523  557  571  560  523  468  404
  342  290  252  225  208  193  178  161  141  122  107   98   96   99  105  111
  115  116  114  109  103   97   92   89   89   89   89   87   83   77   72   69
   69   72   76   79   82   83   85   90  100  118  142  172  206  240  271  297
  316  327  333  337  341  350  364  381  397
    55.0-180.0 180.0   5.0 450.0                            LAT/LON1/LON2/DLON/H
  427  446  455  453  443  434  433  447  475  512  546  568  571  552  517  471
  421  374  331  292  256  223  190  158  130  108   94   91   96  106  118  126
  131  129  124  115  104   94   86   80   78   79   80   80   77   73   69   67
   68   72   76   80   81   82   84   90  104  126  155  191  229  267  301  328
  346  355  358  358  359  367  382  404  427
    52.5-180.0 180.0   5.0 450.0                            LAT/LON1/LON2/DLON/H
  470  499  517  522  513  497  484  481  492  515  541  563  575  574  559  534
  499  458  412  363  313  264  218  178  146  124  114  116  126  139  151  159
  160  156  148  136  124  111   99   91   88   87   88   88   85   80   76   74
   75   79   84   87   88   87   89   96  112  137  170  209  249  289  324  352
  371  381  384  384  386  394  412  439  470
    50.0-180.0 180.0   5.0 450.0                            LAT/LON1/LON2/DLON/H
  524  562  591  605  602  586  565  547  538  540  550  564  577  587  589  582
  562  528  481  425  365  309  259  217  187  167  160  163  173  184  191  193
  189  182  172  162  150  138  126  116  110  108  107  106  102   96   90   87
   88   93   99  102  102  100  102  110  127  154  188  227  267  305  340  369
  391  404  412  417  423  435  455  486  524
    47.5-180.0 180.0   5.0 450.0                            LAT/LON1/LON2/DLON/H
  581  625  664  690  698  688  665  636  609  589  577  576  582  595  607  613
  603  575  528  469  407  351  305  269  242  224  216  215  218  221  219  213
  203  193  185  179  172  163  153  142  135  132  130  127  122  114  107  104
  107  113  120  124  124  122  124  133  151  178  211  247  283  318  351  380
  404  424  439  453  467  484  508  540  581
    45.0-180.0 180.0   5.0 450.0                            LAT/LON1/LON2/DLON/H
  632  676  721  758  779  780  764  733  694  655  622  601  596  603  618  628
  623  597  551  493  436  388  351  322  299  279  264  254  247  238  225  209
  194  184  180  181  182  179  171  162  154  150  148  145  139  132  125  123
  127  135  144  150  151  150  153  163  183  209  240  270  301  330  359  387
  413  438  462  487  511  535  562  593  632
    42.5-180.0 180.0   5.0 450.0                            LAT/LON1/LON2/DLON/H
  666  706  750  793  826  843  839  815  774  724  677  640  620  618  627  634
  628  601  556  504  456  419  393  370  345  318  292  269  250  231  209  186
  169  161  163  173  181  183  178  170  163  160  158  157  152  145  140  140
  145  156  167  175  178  179  184  196  217  244  271  296  320  343  367  392
  418  447  478  513  547  579  607  634  666
    40.0-180.0 180.0   5.0 450.0                            LAT/LON1/LON2/DLON/H
  683  711  748  791  832  862  875  864  831  782  729  684  654  642  641  640
  628  599  556  510  471  446  427  404  372  332  293  260  234  211  187  164
  147  143  152  167  180  184  180  171  164  162  162  162  160  156  152  153
  160  172  185  194  199  202  209  224  248  275  301  322  340  359  379  401
  425  452  487  528  571  609  638  661  683
    37.5-180.0 180.0   5.0 450.0                            LAT/LON1/LON2/DLON/H
  686  701  726  761  802  840  866  871  852  814  768  725  693  673  662  652
  633  601  559  519  489  469  452  423  378  325  276  240  218  201  184  167
  156  156  167  184  195  196  187  175  166  163  164  166  166  163  161  163
  170  181  193  202  207  212  222  241  268  298  324  344  360  378  397  416
  436  460  493  536  584  627  657  674  686
    35.0-180.0 180.0   5.0 450.0                            LAT/LON1/LON2/DLON/H
  690  693  703  725  757  794  825  842  838  817  786  755  728  707  690  671
  645  611  571  535  509  490  466  426  367  305  255  230  224  226  225  220
  215  219  229  240  242  232  212  192  178  172  172  174  173  171  169  169
  173  181  190  197  202  207  219  242  275  309  338  360  379  400  422  442
  459  476  504  544  593  639  671  686  690
    32.5-180.0 180.0   5.0 450.0                            LAT/LON1/LON2/DLON/H
  713  709  707  712  729  754  780  799  804  797  784  770  756  738  718  694
  664  629  591  556  529  504  471  418  351  288  252  250  274  303  323  332
  335  339  343  341  326  298  262  229  207  196  191  189  185  181  176  173
  172  173  177  181  183  188  202  229  267  308  343  370  396  424  454  479
  495  507  527  562  610  658  693  711  713
    30.0-180.0 180.0   5.0 450.0                            LAT/LON1/LON2/DLON/H
  769  767  759  751  748  753  763  771  773  772  773  775  773  762  741  714
  684  650  613  576  543  510  467  407  341  292  282  314  373  432  473  494
  502  503  496  477  440  390  335  287  255  235  223  213  203  194  185  176
  168  162  159  158  157  161  175  206  250  298  340  376  411  451  492  525
  544  555  569  599  644  694  734  759  769
    27.5-180.0 180.0   5.0 450.0                            LAT/LON1/LON2/DLON/H
  861  871  868  853  835  818  803  788  774  765  768  779  786  778  757  729
  699  666  628  587  547  506  458  402  350  326  351  421  512  593  648  676
  685  681  662  624  565  492  418  357  315  286  264  244  226  209  195  180
  165  151  142  135  131  132  147  180  230  286  337  381  427  479  533  578
  604  617  630  658  701  752  800  837  861
    25.0-180.0 180.0   5.0 450.0                            LAT/LON1/LON2/DLON/H
  980 1011 1023 1013  987  952  913  869  827  797  788  795  802  793  768  737
  706  674  634  586  539  495  452  410  383  393  453  553  663  752  808  835
  842  833  804  750  673  582  495  425  375  340  309  278  250  226  206  186
  165  145  130  119  111  110  125  161  215  278  337  390  446  509  574  630
  666  686  704  733  777  831  885  936  980
    22.5-180.0 180.0   5.0 450.0                            LAT/LON1/LON2/DLON/H
 1105 1161 1196 1201 1181 1140 1083 1012  938  878  846  837  832  814  781  744
  711  676  631  576  524  483  455  438  442  484  569  682  790  869  912  930
  934  923  890  827  739  640  548  476  425  386  348  309  273  243  219  196
  171  147  127  113  103  100  114  152  211  279  345  406  469  539  612  677
  722  752  779  815  862  917  977 1041 1105
    20.0-180.0 180.0   5.0 450.0                            LAT/LON1/LON2/DLON/H
 1209 1288 1348 1377 1374 1341 1281 1194 1093 1003  942  909  886  852  805  760
  721  681  629  568  514  483  475  487  520  582  674  776  860  910  930  937
  940  933  901  838  749  652  564  498  453  415  376  332  291  258  233  209
  182  156  134  118  106  103  116  156  218  291  361  427  495  569  645  713
  765  805  843  887  938  994 1055 1127 1209
    17.5-180.0 180.0   5.0 450.0                            LAT/LON1/LON2/DLON/H
 1266 1361 1442 1496 1518 1508 1462 1376 1263 1150 1064 1008  963  911  850  794
  747  700  640  574  522  504  518  553  603  668  743  812  853  863  858  857
  864  866  843  786  705  619  544  492  457  426  389  345  302  269  245  222
  196  170  147  130  118  114  129  170  235  310  383  453  523  597  671  737
  791  838  886  938  993 1047 1105 1177 1266
    15.0-180.0 180.0   5.0 450.0                            LAT/LON1/LON2/DLON/H
 1265 1361 1453 1525 1575 1597 1580 1514 1407 1288 1189 1117 1058  991  918  852
  798  743  676  606  559  552  581  627  676  722  762  782  773  743  718  717
  735  751  739  694  626  556  499  463  441  420  388  347  307  277  256  235
  211  185  162  144  131  129  146  190  256  331  406  478  550  622  691  750
  800  850  904  963 1018 1067 1117 1181 1265
    12.5-180.0 180.0   5.0 450.0                            LAT/LON1/LON2/DLON/H
 1211 1294 1379 1457 1527 1581 1602 1571 1490 1385 1290 1217 1153 1081 1003  932
  873  813  742  670  626  625  658  697  725  736  728  696  643  587  556  565
  600  629  628  593  539  486  448  427  417  404  378  342  306  280  263  245
  222  197  173  155  142  142  162  209  276  350  424  497  571  642  705  756
  800  847  903  963 1016 1058 1095 1143 1211
    10.0-180.0 180.0   5.0 450.0                            LAT/LON1/LON2/DLON/H
 1125 1181 1244 1312 1387 1465 1523 1534 1491 1417 1344 1286 1231 1166 1092 1023
  964  903  831  760  716  712  733  749  741  708  655  584  506  444  425  454
  506  545  548  517  473  434  408  398  394  385  364  332  302  280  266  250
  228  203  178  158  146  149  175  225  291  362  433  506  583  655  714  758
  795  838  892  949  997 1029 1053 1082 1125
     7.5-180.0 180.0   5.0 450.0                            LAT/LON1/LON2/DLON/H
 1039 1061 1089 1130 1195 1281 1364 1412 1412 1378 1340 1309 1276 1228 1168 1108
 1055  998  929  860  813  796  791  772  723  651  568  482  406  362  370  422
  487  526  522  488  446  414  395  386  381  371  350  322  295  276  264  250
  228  202  176  155  144  150  181  235  300  366  432  504  583  659  719  761
  794  832  882  933  975  999 1011 1022 1039
     5.0-180.0 180.0   5.0 450.0                            LAT/LON1/LON2/DLON/H
  983  973  962  966 1005 1080 1171 1244 1278 1284 1283 1285 1280 1256 1215 1169
 1126 1077 1015  948  894  856  819  760  677  583  496  424  376  369  410  483
  549  574  552  506  461  430  409  394  380  363  339  311  286  270  259  245
  222  195  169  147  137  148  184  241  304  363  422  491  573  654  718  762
  797  835  880  926  962  982  989  989  983
     2.5-180.0 180.0   5.0 450.0                            LAT/LON1/LON2/DLON/H
  978  945  901  867  871  920  999 1077 1130 1164 1193 1224 1246 1246 1224 1195
 1164 1124 1069 1005  941  880  809  718  616  526  463  431  431  467  538  617
  668  666  618  556  504  469  442  416  388  360  330  300  277  261  250  235
  213  186  160  139  131  145  186  244  304  356  407  472  554  639  710  761
  802  844  889  932  964  984  994  994  978
