interface/IONEXdata/COD0OPSFIN_20230660000_01D_01H_GIM.INX
     1.0            IONOSPHERE MAPS     GNSS                IONEX VERSION / TYPE
ADDNEQ2 V5.5        AIUB                11-MAR-23 20:45     PGM / RUN BY / DATE 
CODE'S GLOBAL IONOSPHERE MAPS FOR DAY 066, 2023             COMMENT             
Global ionosphere maps (GIM) are generated on a daily basis DESCRIPTION         
at CODE using data from about 300 GNSS sites of the IGS and DESCRIPTION         
other institutions. The vertical total electron content     DESCRIPTION         
(VTEC) is modeled in a solar-geomagnetic reference frame    DESCRIPTION         
using a spherical harmonics expansion up to degree and      DESCRIPTION         
order 15. Piece-wise linear functions are used for          DESCRIPTION         
representation in the time domain. The time spacing of      DESCRIPTION         
their vertices is 1 hour, conforming with the epochs of the DESCRIPTION         
VTEC maps.                                                  DESCRIPTION         
To convert line-of-sight TEC into vertical TEC, a modified  DESCRIPTION         
single-layer model mapping function approximating the JPL   DESCRIPTION         
extended slab model mapping function is adopted. The        DESCRIPTION         
mapping function is evaluated at geodetic satellite         DESCRIPTION         
elevation angles. For the computation of the ionospheric    DESCRIPTION         
pierce points, a spherical layer with a radius of 6821 km   DESCRIPTION         
is assumed, implying geocentric, not geodetic IONEX         DESCRIPTION         
latitudes.                                                  DESCRIPTION         
Instrumental biases with respect to each involved GNSS code DESCRIPTION         
observable are estimated as constant values for each        DESCRIPTION         
day. They are modeled with one set of bias parameters for   DESCRIPTION         
each satellite and each station in case of GPS and for each DESCRIPTION         
satellite-station link in case of GLONASS. The code bias    DESCRIPTION         
datum is defined by zero-mean conditions imposed on the     DESCRIPTION         
satellite bias estimates. In this file, just GPS C1W-C2W    DESCRIPTION         
satellite and station bias values are included. The         DESCRIPTION         
complete set of GNSS code bias results is provided in an    DESCRIPTION         
additional Bias-SINEX file as pseudo-absolute values        DESCRIPTION         
specific to each observable.                                DESCRIPTION         
Note: These GIM results correspond to the results for the   DESCRIPTION         
middle day of a 3-day combination analysis solving for 73   DESCRIPTION         
times 256, or 18688 VTEC parameters and 3 daily sets of     DESCRIPTION         
GNSS code bias parameters.                                  DESCRIPTION         
Contact address: code(at)aiub.unibe.ch                      DESCRIPTION         
Data archive:    ftp.aiub.unibe.ch/CODE/                    DESCRIPTION         
                 www.aiub.unibe.ch/download/CODE/           DESCRIPTION         
  2023     3     7     0     0     0                        EPOCH OF FIRST MAP  
  2023     3     8     0     0     0                        EPOCH OF LAST MAP   
  3600                                                      INTERVAL            
[...]
brst brux cags cas1 ccj2 cedu chpg chpi chti chur coco cord COMMENT             
cpvg cpxf crar cro1 daej darw dav1 dgar dhlg drao dubo ebre COMMENT             
faa1 fair flin flrs frdn ftna func ganp glps glsv gode godz COMMENT             
gol2 gold gope gras graz guam guug harb hers hert hlfx hob2 COMMENT             
hofn holb hrao hyde iddr ieng iisc ineg invk iqal irkj isba COMMENT             
jog2 joz2 joze kerg kir0 kiri kiru kit3 kokb kokv kouc koug COMMENT             
kour krgg laut lmmf lpal lpgs m0se mac1 madr mal2 mana mas1 COMMENT             
mat1 mate maw1 mcm4 mdo1 mdvj medi mets mgue mizu mkea mnls COMMENT             
mobs monp morp mqzg mro1 mtka nano nico nist nium nklg nlib COMMENT             
nnor not1 nrc1 nrmd ntus nya1 nyal ohi2 onsa opmt ous2 pado COMMENT             
parc park pdel penc pert pie1 pimo pohn pol2 polv pots pove COMMENT             
prds ptag ptbb qaq1 quin rabt ramo reun reyk rgdg rio2 riop COMMENT             
samo sant savo sch2 scor scrz sctb seyg shao smst sofi spt0 COMMENT             
ssia sthl stjo stk2 str2 suth sutm suwn sydn syog tabv tash COMMENT             
thtg thti thu2 tid1 tidb tlse tn22 tong tow2 tro1 tsea tskb COMMENT             
tuva twtf txes uclu ufpr ulab unb3 unbj unsa urum usn7 usud COMMENT             
vald vill voim vtsp wab1 wab2 wark wes2 wgtn whit will wsrt COMMENT             
wtza wtzl wtzr wtzs wuhn xmis yar2 yar3 yarr yell zamb zeck COMMENT             
zim2 zim3 zimm                                              COMMENT             
                                                            END OF HEADER       
[from data line 9438]
    23                                                      START OF TEC MAP    
  2023     3     7    22     0     0                        EPOCH OF CURRENT MAP
    87.5-180.0 180.0   5.0 450.0                            LAT/LON1/LON2/DLON/H
  130  132  135  137  140  143  146  149  152  155  158  161  163  166  168  169
  171  172  173  173  174  174  173  173  172  171  169  168  166  164  162  159
  157  155  152  149  147  144  141  138  136  133  131  129  127  125  123  122
  121  119  119  118  117  117  116  116  116  116  116  116  116  116  116  117
  118  118  119  121  122  124  125  127  130
    85.0-180.0 180.0   5.0 450.0                            LAT/LON1/LON2/DLON/H
  124  128  133  139  145  152  159  167  174  181  188  194  200  205  209  213
  216  218  219  219  219  219  217  216  214  211  208  205  202  198  195  190
  186  181  176  171  166  160  155  150  144  139  135  131  127  124  122  120
  118  117  117  117  117  117  118  118  118  118  118  118  117  116  115  115
  114  113  113  113  114  115  118  120  124
    82.5-180.0 180.0   5.0 450.0                            LAT/LON1/LON2/DLON/H
  118  124  131  140  150  161  173  186  198  210  222  233  242  250  256  260
  263  264  264  263  261  259  256  253  250  247  243  240  237  233  229  224
  220  214  208  202  194  187  179  171  163  155  148  141  136  132  129  127
  127  128  129  131  134  137  139  141  142  142  141  140  138  135  131  127
  123  119  116  114  112  111  112  115  118
    80.0-180.0 180.0   5.0 450.0                            LAT/LON1/LON2/DLON/H
  116  122  131  142  155  170  187  205  224  241  258  273  285  294  300  304
  305  303  300  296  291  286  281  276  272  268  266  263  261  259  257  255
  251  247  242  236  228  220  210  199  189  178  168  159  152  146  143  142
  143  146  150  155  161  167  172  176  178  179  177  174  169  164  157  149
  142  134  127  122  117  114  112  113  116
    77.5-180.0 180.0   5.0 450.0                            LAT/LON1/LON2/DLON/H
  124  129  137  148  164  182  203  226  249  272  293  311  325  335  340  340
  337  331  323  313  304  295  287  281  276  273  271  270  270  271  272  272
  272  271  268  264  258  250  240  229  216  204  191  179  170  162  158  157
  160  165  172  181  190  199  206  212  215  215  212  207  201  192  183  173
  164  154  146  138  131  126  123  122  124
    75.0-180.0 180.0   5.0 450.0                            LAT/LON1/LON2/DLON/H
  146  149  155  165  179  198  222  248  275  302  326  346  361  369  371  367
  359  346  332  317  303  291  280  272  266  263  261  261  262  264  267  270
  273  275  276  275  272  267  260  250  237  224  210  196  184  176  170  169
  172  179  188  200  211  222  231  237  239  238  234  228  219  210  201  192
  183  175  169  162  157  152  149  147  146
    72.5-180.0 180.0   5.0 450.0                            LAT/LON1/LON2/DLON/H
  185  185  187  193  204  221  244  271  300  330  357  378  393  399  397  388
  373  354  334  314  296  280  268  258  250  245  241  239  239  240  242  245
  249  253  258  261  263  262  259  253  243  232  218  204  192  181  175  173
  176  182  193  205  218  229  237  242  242  240  234  226  218  210  204  199
  196  194  194  193  193  192  190  187  185
    70.0-180.0 180.0   5.0 450.0                            LAT/LON1/LON2/DLON/H
  237  233  231  232  238  250  270  296  326  357  385  407  420  424  418  404
  384  360  336  313  292  275  260  248  237  228  220  214  208  204  202  203
  205  209  215  221  227  232  235  234  230  223  213  200  188  178  170  167
  168  174  183  194  206  215  221  224  222  217  210  202  196  192  192  195
  201  209  218  227  234  239  241  240  237
    67.5-180.0 180.0   5.0 450.0                            LAT/LON1/LON2/DLON/H
  294  288  282  277  277  284  299  322  351  382  411  433  446  448  439  421
  397  371  345  321  300  282  266  251  236  221  207  193  180  168  159  154
  151  152  157  164  173  183  191  197  200  198  193  184  174  164  156  151
  150  153  160  169  177  184  187  187  182  175  168  161  159  161  168  181
  198  218  238  258  274  287  294  296  294
    65.0-180.0 180.0   5.0 450.0                            LAT/LON1/LON2/DLON/H
  346  340  332  323  318  320  330  350  376  406  435  457  469  470  460  441
  417  392  367  344  325  307  289  271  251  229  207  184  163  144  127  114
  105  101  101  107  116  127  140  151  159  163  163  159  152  143  134  128
  124  125  128  134  139  142  143  139  133  125  119  115  117  126  142  164
  192  222  252  281  305  325  339  345  346
    62.5-180.0 180.0   5.0 450.0                            LAT/LON1/LON2/DLON/H
  385  384  377  367  359  356  362  378  402  430  458  479  492  493  484  466
  445  422  401  382  364  347  327  305  279  251  222  193  165  140  117   98
   82   71   65   65   71   81   94  107  118  127  131  131  127  120  111  103
   97   94   94   96   99  100   98   93   87   81   76   76   83   98  121  151
  185  222  258  293  323  349  368  380  385
    60.0-180.0 180.0   5.0 450.0                            LAT/LON1/LON2/DLON/H
  410  415  413  406  399  394  397  410  430  455  481  501  513  515  508  495
  478  460  444  428  413  395  374  348  317  284  250  218  188  161  136  112
   91   73   60   53   53   58   67   78   89   99  105  108  106  100   91   82
   74   68   65   65   66   65   64   60   56   52   51   55   66   85  112  145
  182  221  259  295  327  356  380  398  410
    57.5-180.0 180.0   5.0 450.0                            LAT/LON1/LON2/DLON/H
  424  438  444  444  439  436  437  446  463  483  504  522  533  536  532  524
  513  500  488  476  462  444  420  390  356  321  287  256  228  204  179  155
  130  106   86   72   65   63   65   71   78   85   91   94   94   89   80   69
   59   52   48   46   47   47   47   46   45   45   48   56   69   90  118  151
  186  223  259  292  323  352  380  404  424
    55.0-180.0 180.0   5.0 450.0                            LAT/LON1/LON2/DLON/H
  434  458  474  482  483  482  484  490  502  516  531  543  552  555  555  551
  545  537  528  517  503  484  458  427  392  356  325  298  276  256  235  211
  184  157  132  112   98   90   86   85   86   89   92   94   94   89   80   68
   58   50   45   44   45   47   50   53   56   60   66   76   90  110  136  166
  198  230  261  290  319  347  376  406  434
    52.5-180.0 180.0   5.0 450.0                            LAT/LON1/LON2/DLON/H
  449  481  507  524  532  536  538  542  549  556  563  567  571  574  575  574
  571  565  557  546  532  512  486  454  420  387  358  336  319  304  286  262
  233  203  176  154  139  128  120  113  108  106  106  106  105  100   91   79
   68   61   57   57   60   64   70   76   83   90   99  108  121  139  161  187
  215  243  270  297  323  350  381  414  449
    50.0-180.0 180.0   5.0 450.0                            LAT/LON1/LON2/DLON/H
  473  512  545  569  584  593  598  601  603  603  599  595  593  593  594  594
  591  584  575  563  548  529  504  474  442  411  384  363  347  332  313  288
  258  227  200  181  168  159  152  144  136  130  127  126  125  120  111  100
   89   83   81   83   87   93   99  108  117  126  134  143  153  168  187  211
  236  262  288  314  339  367  398  434  473
    47.5-180.0 180.0   5.0 450.0                            LAT/LON1/LON2/DLON/H
  506  547  585  615  635  649  658  662  661  654  641  627  618  614  613  612
  606  596  584  571  556  539  518  491  460  429  399  375  354  334  310  280
  247  216  193  180  175  174  172  167  160  154  150  149  148  144  135  125
  115  111  111  114  119  124  131  139  149  158  164  170  178  191  209  232
  258  285  313  341  369  398  430  466  506
    45.0-180.0 180.0   5.0 450.0                            LAT/LON1/LON2/DLON/H
  541  582  621  653  678  696  710  718  717  705  685  663  647  639  635  630
  620  606  591  577  565  551  533  509  478  443  406  372  341  311  279  244
  208  179  162  157  162  170  176  177  175  171  169  169  169  166  159  148
  140  137  140  144  149  152  157  163  171  178  182  185  191  203  223  248
  277  308  340  373  405  436  468  503  541
    42.5-180.0 180.0   5.0 450.0                            LAT/LON1/LON2/DLON/H
  570  608  645  678  705  728  748  763  765  752  727  699  679  668  661  652
  637  619  602  589  580  569  554  530  496  454  408  362  319  279  239  201
  166  140  128  130  142  158  171  179  181  180  180  182  184  183  176  166
  159  158  162  167  170  171  172  176  181  185  186  186  192  206  230  260
  294  329  365  402  439  473  504  536  570
    40.0-180.0 180.0   5.0 450.0                            LAT/LON1/LON2/DLON/H
  586  620  654  685  713  740  767  790  799  788  762  732  711  699  691  678
  659  638  622  611  605  596  580  554  515  465  408  352  301  257  218  182
  152  132  124  128  140  156  169  179  183  185  186  189  192  192  185  176
  168  168  173  178  179  177  176  177  180  181  180  178  184  202  233  269
  308  345  383  423  462  498  528  556  586
    37.5-180.0 180.0   5.0 450.0                            LAT/LON1/LON2/DLON/H
  588  618  650  679  706  735  768  799  816  811  787  759  740  730  722  708
  687  666  652  645  639  627  607  575  531  476  414  355  306  269  241  218
  199  186  179  177  178  181  185  189  191  191  191  193  195  195  188  177
  169  167  172  177  178  174  170  170  172  172  169  166  174  198  235  278
  319  357  393  432  471  507  536  562  588
    35.0-180.0 180.0   5.0 450.0                            LAT/LON1/LON2/DLON/H
  580  609  640  668  693  722  758  796  820  822  803  779  764  759  753  739
  718  700  690  685  676  658  629  590  543  488  431  381  348  332  327  326
  324  319  308  290  267  245  228  218  211  205  200  197  198  196  188  174
  163  159  163  167  167  163  159  160  163  163  159  157  168  196  240  287
  330  365  396  430  467  502  531  555  580
    32.5-180.0 180.0   5.0 450.0                            LAT/LON1/LON2/DLON/H
  574  606  638  665  688  714  749  789  819  825  812  793  783  783  781  769
  751  736  730  725  710  679  639  596  551  505  464  436  431  448  476  503
  520  520  499  457  400  342  295  265  245  230  217  209  206  202  191  174
  157  149  149  152  152  149  147  151  157  159  156  155  167  200  248  299
  341  372  397  425  458  492  521  547  574
    30.0-180.0 180.0   5.0 450.0                            LAT/LON1/LON2/DLON/H
  582  619  655  684  704  724  754  791  822  831  821  807  802  806  807  797
  781  771  767  758  731  686  636  593  559  533  517  520  550  604  666  719
  751  752  717  646  551  453  375  323  291  266  245  231  224  217  204  181
  157  142  138  139  139  136  138  145  155  161  160  160  174  209  259  312
  353  380  400  422  453  487  519  550  582
    27.5-180.0 180.0   5.0 450.0                            LAT/LON1/LON2/DLON/H
  612  656  700  732  749  762  783  813  841  850  841  829  826  832  833  824
  809  801  796  779  738  679  623  588  576  577  592  627  689  772  858  926
  964  961  909  811  681  549  445  378  338  308  283  264  255  247  230  201
  169  146  135  132  131  129  133  144  157  166  168  170  186  221  271  324
  365  391  409  431  461  498  535  572  612
    25.0-180.0 180.0   5.0 450.0                            LAT/LON1/LON2/DLON/H
  664  717  769  807  825  831  841  861  882  889  880  867  863  866  864  852
  836  826  815  786  730  662  610  593  609  642  683  740  820  915 1006 1072
 1102 1087 1021  903  752  601  485  415  376  349  324  306  297  289  269  235
  194  162  144  136  131  128  132  145  161  172  177  182  198  232  281  333
  376  406  428  452  487  529  573  617  664
    22.5-180.0 180.0   5.0 450.0                            LAT/LON1/LON2/DLON/H
  731  791  853  899  920  923  923  934  948  952  941  926  918  914  905  886
  865  849  828  786  717  646  607  618  666  726  783  843  917  999 1069 1112
 1120 1091 1016  893  740  591  482  423  398  382  365  352  346  340  319  278
  230  189  164  150  141  135  137  147  163  176  184  192  209  241  287  339
  386  423  454  486  528  577  628  678  731
    20.0-180.0 180.0   5.0 450.0                            LAT/LON1/LON2/DLON/H
  798  863  932  990 1019 1023 1018 1020 1030 1033 1024 1007  992  978  958  930
  900  874  841  785  708  643  626  670  748  823  876  917  958  999 1026 1028
 1006  962  889  780  646  521  438  404  402  404  400  396  396  392  370  325
  271  224  193  174  159  148  145  151  163  175  185  197  216  247  291  342
  394  441  483  526  576  633  689  742  798
    17.5-180.0 180.0   5.0 450.0                            LAT/LON1/LON2/DLON/H
  849  914  991 1060 1102 1112 1106 1106 1115 1122 1117 1101 1080 1057 1025  985
  945  907  861  793  715  663  674  749  848  921  949  946  932  913  882  835
  782  730  672  594  500  416  370  370  393  415  425  431  438  437  413  366
  310  260  226  202  183  167  158  158  163  171  182  198  220  251  293  344
  401  457  511  565  623  685  744  796  849
    15.0-180.0 180.0   5.0 450.0                            LAT/LON1/LON2/DLON/H
  876  936 1016 1096 1153 1173 1172 1173 1186 1201 1205 1194 1172 1140 1098 1049
  999  951  893  819  744  710  749  847  951 1005  988  924  843  759  669  579
  504  457  426  392  349  313  309  339  384  421  442  455  466  465  441  393
  338  290  257  232  210  190  176  169  166  169  178  196  222  255  295  346
  407  471  533  595  659  724  782  830  876
    12.5-180.0 180.0   5.0 450.0                            LAT/LON1/LON2/DLON/H
  876  927 1005 1095 1165 1197 1204 1209 1228 1254 1272 1270 1251 1216 1169 1115
 1059 1003  939  863  798  782  840  948 1040 1057  984  855  711  571  439  325
  247  218  225  240  248  257  284  333  387  428  452  467  476  473  446  400
  349  308  279  257  235  215  199  186  177  172  177  195  224  259  300  351
  414  481  548  612  678  744  800  840  876
    10.0-180.0 180.0   5.0 450.0                            LAT/LON1/LON2/DLON/H
  858  898  971 1063 1142 1185 1198 1208 1233 1271 1302 1314 1303 1272 1227 1174
 1118 1061  996  925  870  868  935 1035 1098 1068  939  755  565  395  251  140
   82   85  132  191  238  276  317  366  412  442  458  466  469  459  430  386
  343  311  291  274  256  239  225  211  196  183  181  197  227  265  308  360
  422  489  554  618  683  747  800  833  858
     7.5-180.0 180.0   5.0 450.0                            LAT/LON1/LON2/DLON/H
  838  866  929 1018 1099 1146 1162 1173 1202 1247 1290 1315 1316 1297 1261 1216
 1167 1115 1057  994  950  955 1015 1091 1115 1037  863  646  441  274  151   74
   55   98  180  268  334  378  411  439  458  465  462  456  447  429  395  355
  321  301  289  280  269  259  252  241  224  203  193  202  230  270  316  370
  431  494  555  614  677  741  793  822  838
     5.0-180.0 180.0   5.0 450.0                            LAT/LON1/LON2/DLON/H
  831  851  902  980 1055 1099 1113 1120 1146 1191 1240 1276 1291 1287 1266 1236
 1199 1159 1111 1061 1026 1029 1069 1110 1090  973  775  555  367  237  164  144
  176  257  361  456  517  544  547  538  518  492  464  440  417  388  351  315
  290  279  277  274  271  272  274  271  255  229  210  210  233  273  323  379
  439  497  552  607  668  734  789  819  831
     2.5-180.0 180.0   5.0 450.0                            LAT/LON1/LON2/DLON/H
  849  864  903  966 1028 1062 1068 1068 1084 1121 1168 1209 1235 1247 1245 1232
 1211 1185 1152 1115 1086 1078 1091 1091 1034  895  700  505  362  292  287  332
  414  521  628  706  740  731  693  638  577  516  463  421  383  345  305  273
  256  253  256  258  262  273  287  294  282  255  227  217  233  271  325  385
  444  499  548  599  661  732  795  834  849
