interface/IONEXdata/COD0OPSFIN_20240440000_01D_01H_GIM.INX
     1.0            IONOSPHERE MAPS     GNSS                IONEX VERSION / TYPE
ADDNEQ2 V5.5        AIUB                17-FEB-24 21:20     PGM / RUN BY / DATE 
CODE'S GLOBAL IONOSPHERE MAPS FOR DAY 044, 2024             COMMENT             
Global ionosphere maps (GIM) are generated on a daily basis DESCRIPTION         
at CODE using data from about 300 GNSS sites of the IGS and DESCRIPTION         
other institutions. The vertical total electron content     DESCRIPTION         
(VTEC) is modeled in a solar-geomagnetic reference frame    DESCRIPTION         
using a spherical harmonics expansion up to degree and      DESCRIPTION         
order 15. Piece-wise linear functions are used for          DESCRIPTION         
representation in the time domain. The time spacing of      DESCRIPTION         
their vertices is 1 hour, conforming with the epochs of the DESCRIPTION         
VTEC maps.                                                  DESCRIPTION         
To convert line-of-sight TEC into vertical TEC, a modified  DESCRIPTION         
single-layer model mapping function approximating the JPL   DESCRIPTION         
extended slab model mapping function is adopted. The        DESCRIPTION         
mapping function is evaluated at geodetic satellite         DESCRIPTION         
elevation angles. For the computation of the ionospheric    DESCRIPTION         
pierce points, a spherical layer with a radius of 6821 km   DESCRIPTION         
is assumed, implying geocentric, not geodetic IONEX         DESCRIPTION         
latitudes.                                                  DESCRIPTION         
Instrumental biases with respect to each involved GNSS code DESCRIPTION         
observable are estimated as constant values for each        DESCRIPTION         
day. They are modeled with one set of bias parameters for   DESCRIPTION         
each satellite and each station in case of GPS and for each DESCRIPTION         
satellite-station link in case of GLONASS. The code bias    DESCRIPTION         
datum is defined by zero-mean conditions imposed on the     DESCRIPTION         
satellite bias estimates. In this file, just GPS C1W-C2W    DESCRIPTION         
satellite and station bias values are included. The         DESCRIPTION         
complete set of GNSS code bias results is provided in an    DESCRIPTION         
additional Bias-SINEX file as pseudo-absolute values        DESCRIPTION         
specific to each observable.                                DESCRIPTION         
Note: These GIM results correspond to the results for the   DESCRIPTION         
middle day of a 3-day combination analysis solving for 73   DESCRIPTION         
times 256, or 18688 VTEC parameters and 3 daily sets of     DESCRIPTION         
GNSS code bias parameters.                                  DESCRIPTION         
Contact address: code(at)aiub.unibe.ch                      DESCRIPTION         
Data archive:    ftp.aiub.unibe.ch/CODE/                    DESCRIPTION         
                 www.aiub.unibe.ch/download/CODE/           DESCRIPTION         
  2024     2    13     0     0     0                        EPOCH OF FIRST MAP  
  2024     2    14     0     0     0                        EPOCH OF LAST MAP   
  3600                                                      INTERVAL            
[...]
badg bake bako barh bjfs bndy bogo bogt bor1 braz brft brst COMMENT             
brux cas1 ccj2 cedu chpg chti chur ckis coco cord cpvg cpxf COMMENT             
cro1 daej darw dav1 dgar dhlg drao dubo ebre faa1 fair flin COMMENT             
flrs frdn func ganp glps glsv gode gol2 gold gope gras graz COMMENT             
guam guat guug harb hers hert hlfx hnpt hob2 hofn holb hrao COMMENT             
hyde iddr ieng iisc impz ineg invk iqal irkj jog2 joz2 joze COMMENT             
karr kerg kir0 kiri kiru kit3 kokb kokv kouc koug kour krgg COMMENT             
lama laut lmmf lpal lpgs m0se mac1 madr mal2 mana mas1 mat1 COMMENT             
mate maw1 mcm4 mdo1 mdvj medi mets mgue mizu mkea mnls mobs COMMENT             
monp morp mqzg mro1 mtka nano naur nico nist nklg nlib nnor COMMENT             
not1 nrc1 nrmd ntus nya1 nyal onsa opmt ous2 pado park pdel COMMENT             
penc pert pie1 pimo pohn pol2 polv pots pove prds ptag ptbb COMMENT             
ptvl qaq1 quin rabt reun reyk rgdg rio2 roth salu samo sant COMMENT             
savo sch2 scor scrz sctb scub seyg sfer sofi spt0 ssia sthl COMMENT             
stjo stk2 str2 suth sutm sydn syog tabv tash thtg thti thu2 COMMENT             
tid1 tidb tlse tn22 tong tow2 tro1 tskb twtf txes uclu ufpr COMMENT             
ulab unb3 unbj unsa urum usn7 usud vald vill voim vtsp wab1 COMMENT             
wab2 wark wgtn whit will wind wsrt wtza wtzl wtzr wtzs wtzz COMMENT             
wuhn xmis yar2 yar3 yarr yell zeck zim2 zim3 zimm           COMMENT             
                                                            END OF HEADER       
[from data line 3003]
     8                                                      START OF TEC MAP    
  2024     2    13     7     0     0                        EPOCH OF CURRENT MAP
    87.5-180.0 180.0   5.0 450.0                            LAT/LON1/LON2/DLON/H
   87   87   88   88   89   90   91   92   93   94   94   95   96   96   97   97
   97   97   97   96   96   96   95   95   94   94   93   93   93   92   92   92
   92   92   93   93   93   94   94   95   95   96   96   96   97   97   98   98
   98   98   98   98   98   98   97   97   96   95   95   94   93   92   91   90
   89   89   88   87   87   87   87   87   87
    85.0-180.0 180.0   5.0 450.0                            LAT/LON1/LON2/DLON/H
   79   80   81   83   86   88   91   94   97  100  103  105  107  108  108  108
  108  107  105  103  101   99   97   94   92   90   89   88   87   86   86   87
   87   88   90   91   93   94   96   98  100  102  104  106  108  110  112  114
  116  117  118  119  119  120  119  118  117  115  113  110  107  104  100   96
   93   90   87   84   82   80   79   79   79
    82.5-180.0 180.0   5.0 450.0                            LAT/LON1/LON2/DLON/H
   71   72   74   77   81   86   91   97  103  108  113  117  120  122  122  122
  120  117  113  109  104   98   93   88   84   80   77   76   75   75   76   78
   80   83   86   90   93   97  101  104  108  112  116  121  125  130  134  139
  144  148  152  155  158  160  161  161  159  157  153  148  142  135  128  120
  111  103   96   89   83   78   74   72   71
    80.0-180.0 180.0   5.0 450.0                            LAT/LON1/LON2/DLON/H
   70   68   69   72   77   83   91   98  106  114  121  127  131  134  135  134
  130  125  119  111  103   94   86   78   72   67   63   62   62   64   67   71
   76   82   87   93   98  103  109  114  119  125  131  138  146  154  162  171
  180  189  197  205  212  217  221  223  223  221  216  209  200  190  177  164
  150  135  122  109   97   87   79   73   70
    77.5-180.0 180.0   5.0 450.0                            LAT/LON1/LON2/DLON/H
   77   72   71   72   76   82   89   98  107  116  125  132  138  141  143  141
  138  131  123  113  102   90   79   70   62   56   54   53   55   60   65   72
   80   87   95  102  108  114  120  126  132  139  147  157  167  179  192  206
  221  235  250  263  275  286  294  300  302  301  297  289  277  263  246  226
  206  185  164  144  126  109   96   85   77
    75.0-180.0 180.0   5.0 450.0                            LAT/LON1/LON2/DLON/H
   95   86   80   78   79   83   88   96  104  113  122  130  137  142  144  144
  141  135  126  116  104   91   79   69   61   56   54   56   60   66   74   83
   92  100  108  115  120  126  131  137  143  152  162  174  189  205  223  243
  263  283  303  322  340  355  368  377  383  384  381  372  360  343  322  298
  272  245  218  191  166  144  124  108   95
    72.5-180.0 180.0   5.0 450.0                            LAT/LON1/LON2/DLON/H
  121  107   96   89   86   86   89   93  100  107  115  123  130  136  140  142
  141  138  131  122  111  100   89   79   72   68   68   71   76   84   93  102
  110  117  123  128  132  135  139  144  152  162  174  190  209  230  254  278
  303  328  352  375  396  415  431  443  451  454  452  445  432  414  391  364
  335  304  272  241  211  184  159  138  121
    70.0-180.0 180.0   5.0 450.0                            LAT/LON1/LON2/DLON/H
  147  129  114  103   95   91   89   91   94   99  105  112  119  126  132  137
  139  140  137  131  123  114  106   98   93   91   91   95  101  108  115  122
  127  131  134  136  137  138  142  147  156  169  185  206  229  255  282  310
  338  365  390  414  436  456  472  486  495  499  498  492  480  462  440  412
  382  349  316  283  251  221  194  169  147
    67.5-180.0 180.0   5.0 450.0                            LAT/LON1/LON2/DLON/H
  168  147  128  113  101   93   89   88   89   91   95  100  107  114  122  129
  136  140  141  140  136  131  125  120  117  117  118  121  126  130  134  136
  137  137  136  134  134  135  138  146  158  174  196  221  249  279  309  338
  366  392  416  438  457  474  488  499  507  511  511  507  496  481  460  434
  405  373  340  308  277  247  219  192  168
    65.0-180.0 180.0   5.0 450.0                            LAT/LON1/LON2/DLON/H
  178  154  133  114  101   91   86   83   83   85   87   91   97  104  112  121
  130  138  143  145  145  143  141  138  137  138  139  142  143  144  142  139
  135  131  126  123  122  125  131  143  159  181  207  237  270  302  333  362
  388  410  429  445  459  470  480  487  492  494  494  490  482  469  451  429
  402  374  344  314  285  258  230  204  178
    62.5-180.0 180.0   5.0 450.0                            LAT/LON1/LON2/DLON/H
  177  151  127  107   92   82   78   77   78   80   83   86   90   96  104  114
  123  132  139  144  146  146  146  146  146  148  149  149  147  143  137  129
  120  113  107  105  107  113  125  141  163  190  221  255  290  323  354  380
  402  419  432  442  448  453  455  457  457  457  456  453  447  438  424  405
  382  356  330  304  279  254  229  204  177
    60.0-180.0 180.0   5.0 450.0                            LAT/LON1/LON2/DLON/H
  169  140  114   91   76   68   66   68   72   77   80   84   88   93   99  107
  116  124  131  136  138  139  140  141  142  143  144  142  138  130  120  108
   97   88   84   85   92  105  122  145  172  203  237  272  308  341  370  393
  411  423  430  433  434  431  427  423  418  414  412  410  406  400  389  374
  354  332  309  286  265  244  221  196  169
    57.5-180.0 180.0   5.0 450.0                            LAT/LON1/LON2/DLON/H
  160  129  100   75   59   52   52   58   66   74   80   84   88   92   97  103
  109  115  120  123  124  125  125  126  128  129  128  125  119  109   96   83
   71   65   64   71   85  104  128  155  185  218  253  288  322  354  380  401
  415  424  427  427  422  415  406  396  387  380  376  374  373  369  362  349
  331  311  290  270  252  234  213  189  160
    55.0-180.0 180.0   5.0 450.0                            LAT/LON1/LON2/DLON/H
  160  127   94   67   49   41   43   51   62   72   80   86   90   93   96   99
  103  106  108  109  109  109  109  109  110  110  108  104   97   87   74   62
   53   49   54   67   87  113  142  172  203  235  268  300  332  360  385  404
  417  425  427  425  419  409  397  384  372  362  357  355  355  354  349  337
  320  301  281  263  247  231  213  190  160
    52.5-180.0 180.0   5.0 450.0                            LAT/LON1/LON2/DLON/H
  173  138  103   72   52   43   44   51   62   72   81   87   92   94   96   98
   99  100  100  100   99   98   98   98   97   96   93   88   81   72   62   52
   46   46   56   74  100  130  162  193  222  251  280  308  336  362  385  404
  419  428  432  430  425  415  402  388  374  362  356  354  354  354  350  339
  322  302  282  265  252  239  223  202  173
    50.0-180.0 180.0   5.0 450.0                            LAT/LON1/LON2/DLON/H
  196  163  127   95   73   61   58   63   70   77   84   89   93   96   97   98
   98   98   98   99   99   99   99   99   97   94   89   83   75   68   61   55
   52   56   68   90  120  152  184  214  240  265  289  313  337  361  384  404
  421  432  439  440  436  428  416  402  387  374  366  362  363  362  358  347
  330  310  290  274  263  253  241  223  196
    47.5-180.0 180.0   5.0 450.0                            LAT/LON1/LON2/DLON/H
  224  195  162  132  108   94   87   85   86   88   91   93   96   98   99   99
  100  101  103  107  110  113  115  115  112  106   98   89   81   75   71   68
   68   74   88  111  141  174  206  233  257  277  297  317  338  360  382  404
  423  438  446  450  448  442  432  418  403  389  378  372  371  369  364  353
  336  316  297  282  272  266  258  245  224
    45.0-180.0 180.0   5.0 450.0                            LAT/LON1/LON2/DLON/H
  245  224  197  171  150  134  124  116  110  105  102  101  101  102  102  103
  104  108  114  122  130  137  142  143  139  130  117  105   95   89   87   86
   87   93  106  129  160  193  223  249  270  289  305  323  341  361  383  406
  426  442  452  456  456  452  444  432  416  400  386  376  371  367  361  350
  334  315  297  283  274  270  266  259  245
    42.5-180.0 180.0   5.0 450.0                            LAT/LON1/LON2/DLON/H
  251  238  221  203  186  172  160  148  136  125  116  111  109  108  108  109
  112  119  129  141  154  165  173  175  170  158  141  124  111  104  102  102
  103  107  120  142  173  206  237  263  284  301  317  333  349  367  388  409
  430  445  454  458  459  458  452  442  426  407  388  373  363  356  348  337
  323  306  289  275  265  260  259  257  251
    40.0-180.0 180.0   5.0 450.0                            LAT/LON1/LON2/DLON/H
  237  232  224  215  205  195  184  171  157  143  132  124  120  118  117  118
  121  130  143  160  176  190  200  203  198  184  163  141  123  114  111  111
  111  114  125  148  180  215  248  276  298  317  333  348  362  377  395  415
  433  447  455  460  463  464  463  455  438  415  391  371  355  344  334  324
  312  297  281  264  250  241  238  238  237
    37.5-180.0 180.0   5.0 450.0                            LAT/LON1/LON2/DLON/H
  209  209  207  204  200  196  189  180  168  155  144  136  132  129  128  128
  132  141  155  173  190  205  215  220  216  202  178  152  131  119  114  112
  110  112  124  149  184  223  259  289  314  335  353  367  379  391  405  422
  438  451  459  466  474  481  485  480  464  438  408  382  361  346  335  325
  315  302  285  263  241  223  212  209  209
    35.0-180.0 180.0   5.0 450.0                            LAT/LON1/LON2/DLON/H
  179  177  177  176  176  175  173  169  163  157  150  145  141  139  138  138
  142  150  163  179  195  208  217  223  221  208  185  157  133  118  112  108
  105  107  120  149  189  233  273  305  332  355  373  387  397  406  417  431
  446  460  472  486  502  518  530  530  514  485  452  421  396  378  366  357
  348  336  316  287  253  221  198  184  179
    32.5-180.0 180.0   5.0 450.0                            LAT/LON1/LON2/DLON/H
  166  156  150  146  143  142  142  144  146  147  148  147  146  146  146  147
  150  156  166  179  190  200  207  213  214  205  184  158  134  118  111  106
  102  104  120  153  199  247  289  322  349  372  391  405  414  421  431  444
  461  479  499  523  552  581  603  608  594  565  530  497  470  452  439  429
  421  408  383  346  298  250  210  182  166
    30.0-180.0 180.0   5.0 450.0                            LAT/LON1/LON2/DLON/H
  186  163  146  132  121  113  110  114  123  133  140  144  146  148  151  153
  155  159  166  174  181  186  190  197  201  197  182  159  137  123  115  109
  104  107  125  163  213  264  306  338  363  385  404  418  427  436  447  463
  484  510  542  581  625  667  699  711  701  673  639  608  583  565  552  542
  533  517  488  441  381  317  260  217  186
    27.5-180.0 180.0   5.0 450.0                            LAT/LON1/LON2/DLON/H
  246  210  180  152  127  106   95   95  106  121  132  138  142  146  151  156
  158  160  164  169  172  173  175  181  188  190  181  163  146  135  129  122
  116  118  138  178  231  282  322  350  372  391  409  425  439  452  468  490
  519  555  600  653  711  766  807  826  820  797  768  742  722  706  693  682
  671  652  618  565  495  419  350  292  246
    25.0-180.0 180.0   5.0 450.0                            LAT/LON1/LON2/DLON/H
  344  298  256  215  175  138  112  103  110  123  134  138  140  144  151  156
  159  160  162  165  167  166  166  172  182  188  184  172  161  154  150  144
  136  136  155  196  248  297  333  356  373  390  410  430  450  472  496  526
  563  609  665  729  798  860  907  930  930  914  893  876  863  851  839  826
  812  789  752  696  622  542  466  400  344
    22.5-180.0 180.0   5.0 450.0                            LAT/LON1/LON2/DLON/H
  463  413  367  319  266  213  170  147  143  150  154  151  146  147  152  158
  161  161  162  166  168  168  168  174  184  191  191  184  178  176  175  169
  159  156  173  211  261  306  337  355  369  386  408  435  465  497  532  570
  615  667  728  797  867  930  977 1003 1008 1001  992  986  982  975  963  948
  929  904  865  810  740  663  589  521  463
    20.0-180.0 180.0   5.0 450.0                            LAT/LON1/LON2/DLON/H
  579  534  493  446  390  325  266  227  210  204  196  182  167  161  162  166
  166  165  166  172  178  180  181  185  193  200  199  195  193  195  197  191
  179  173  186  220  266  306  334  350  364  382  409  444  485  529  573  619
  667  720  780  843  906  962 1003 1028 1040 1044 1048 1053 1057 1054 1043 1026
 1003  975  937  886  825  758  693  632  579
    17.5-180.0 180.0   5.0 450.0                            LAT/LON1/LON2/DLON/H
  667  635  607  574  523  456  387  334  303  284  262  233  206  190  185  184
  179  174  175  182  192  198  201  203  208  209  206  201  201  206  210  205
  191  182  191  221  262  300  327  344  361  384  417  460  511  564  617  666
  713  762  811  861  909  949  981 1004 1021 1036 1053 1069 1080 1081 1070 1050
 1025  994  957  913  863  811  758  709  667
    15.0-180.0 180.0   5.0 450.0                            LAT/LON1/LON2/DLON/H
  709  693  687  675  641  581  511  451  409  378  343  301  261  235  222  213
  202  192  189  197  209  218  222  222  221  217  208  200  200  207  212  207
  192  182  188  215  253  290  318  340  363  392  432  482  540  599  655  705
  748  787  821  852  878  901  921  942  964  988 1015 1040 1057 1060 1049 1028
 1000  968  932  894  856  816  776  738  709
    12.5-180.0 180.0   5.0 450.0                            LAT/LON1/LON2/DLON/H
  700  699  716  730  719  675  613  554  509  471  427  375  326  292  271  255
  235  217  209  214  226  235  238  237  231  220  205  194  192  198  203  198
  184  173  179  205  242  279  312  341  371  407  452  506  567  628  684  730
  767  794  812  823  828  834  845  864  890  922  956  986 1005 1009  998  977
  948  915  881  847  816  785  753  721  700
    10.0-180.0 180.0   5.0 450.0                            LAT/LON1/LON2/DLON/H
  652  659  692  731  745  722  675  624  583  545  499  444  392  353  328  304
  277  250  234  233  240  247  248  244  235  219  200  185  180  185  188  182
  169  161  169  195  232  272  309  345  383  425  473  527  587  645  697  739
  770  787  793  787  779  774  780  798  826  861  897  928  948  952  943  923
  895  863  829  797  768  739  706  672  652
     7.5-180.0 180.0   5.0 450.0                            LAT/LON1/LON2/DLON/H
  587  591  632  685  719  718  688  652  619  587  545  494  445  409  382  355
  321  287  263  253  251  252  250  244  233  215  194  178  171  173  173  165
  154  149  161  190  227  269  310  353  396  441  489  541  595  647  694  732
  760  773  772  760  747  741  749  769  797  830  863  890  908  913  905  889
  865  834  801  768  738  704  662  617  587
     5.0-180.0 180.0   5.0 450.0                            LAT/LON1/LON2/DLON/H
  532  523  557  613  657  671  658  636  616  593  559  517  478  449  426  398
  361  322  291  271  260  252  244  237  227  211  192  176  168  166  162  152
  142  143  159  189  228  270  313  359  406  452  497  544  590  635  677  714
  742  758  760  752  746  750  765  788  813  838  862  884  898  904  900  888
  869  843  812  779  744  701  645  581  532
     2.5-180.0 180.0   5.0 450.0                            LAT/LON1/LON2/DLON/H
  512  480  496  540  582  601  599  589  580  566  543  512  485  467  451  427
  392  351  315  287  266  249  236  228  220  209  194  180  172  166  156  144
  136  141  162  194  232  273  316  363  409  454  495  536  575  614  653  691
  724  748  760  767  778  799  827  853  871  883  894  907  919  925  924  918
  906  887  860  829  792  740  668  584  512
