interface/IONEXdata/COD0OPSFIN_20223530000_01D_01H_GIM.INX
     1.0            IONOSPHERE MAPS     GNSS                IONEX VERSION / TYPE
ADDNEQ2 V5.5        AIUB                23-DEC-22 23:23     PGM / RUN BY / DATE 
CODE'S GLOBAL IONOSPHERE MAPS FOR DAY 353, 2022             COMMENT             
Global ionosphere maps (GIM) are generated on a daily basis DESCRIPTION         
at CODE using data from about 300 GNSS sites of the IGS and DESCRIPTION         
other institutions. The vertical total electron content     DESCRIPTION         
(VTEC) is modeled in a solar-geomagnetic reference frame    DESCRIPTION         
using a spherical harmonics expansion up to degree and      DESCRIPTION         
order 15. Piece-wise linear functions are used for          DESCRIPTION         
representation in the time domain. The time spacing of      DESCRIPTION         
their vertices is 1 hour, conforming with the epochs of the DESCRIPTION         
VTEC maps.                                                  DESCRIPTION         
To convert line-of-sight TEC into vertical TEC, a modified  DESCRIPTION         
single-layer model mapping function approximating the JPL   DESCRIPTION         
extended slab model mapping function is adopted. The        DESCRIPTION         
mapping function is evaluated at geodetic satellite         DESCRIPTION         
elevation angles. For the computation of the ionospheric    DESCRIPTION         
pierce points, a spherical layer with a radius of 6821 km   DESCRIPTION         
is assumed, implying geocentric, not geodetic IONEX         DESCRIPTION         
latitudes.                                                  DESCRIPTION         
Instrumental biases with respect to each involved GNSS code DESCRIPTION         
observable are estimated as constant values for each        DESCRIPTION         
day. They are modeled with one set of bias parameters for   DESCRIPTION         
each satellite and each station in case of GPS and for each DESCRIPTION         
satellite-station link in case of GLONASS. The code bias    DESCRIPTION         
datum is defined by zero-mean conditions imposed on the     DESCRIPTION         
satellite bias estimates. In this file, just GPS C1W-C2W    DESCRIPTION         
satellite and station bias values are included. The         DESCRIPTION         
complete set of GNSS code bias results is provided in an    DESCRIPTION         
additional Bias-SINEX file as pseudo-absolute values        DESCRIPTION         
specific to each observable.                                DESCRIPTION         
Note: These GIM results correspond to the results for the   DESCRIPTION         
middle day of a 3-day combination analysis solving for 73   DESCRIPTION         
times 256, or 18688 VTEC parameters and 3 daily sets of     DESCRIPTION         
GNSS code bias parameters.                                  DESCRIPTION         
Contact address: code(at)aiub.unibe.ch                      DESCRIPTION         
Data archive:    ftp.aiub.unibe.ch/CODE/                    DESCRIPTION         
                 www.aiub.unibe.ch/download/CODE/           DESCRIPTION         
  2022    12    19     0     0     0                        EPOCH OF FIRST MAP  
  2022    12    20     0     0     0                        EPOCH OF LAST MAP   
  3600                                                      INTERVAL            
[...]
bshm cas1 ccj2 cedu chpg chpi chti chur ckis coco cord cpvg COMMENT             
cpxf crar cro1 daej darw dav1 dgar dhlg drao dubo ebre faa1 COMMENT             
fair flin flrs frdn ftna func ganp glps gode godz gol2 gold COMMENT             
gope gras graz guam harb hers hert hlfx hnlc hob2 hofn holb COMMENT             
hrao hyde iddr ieng iisc invk iqal irkj joz2 joze karr kerg COMMENT             
kir0 kiri kiru kit3 kokb kokv koug kour krgg lae1 laut lmmf COMMENT             
lpal lpgs m0se mac1 madr mal2 mana mas1 mat1 mate maw1 mcm4 COMMENT             
mdo1 mdvj medi mets mgue mizu mkea mobs monp morp mqzg mro1 COMMENT             
mtka nano nico nist nium nklg nlib nnor not1 nrc1 ntus nya1 COMMENT             
nyal ohi2 onsa opmt ous2 pado parc park pdel penc pert pie1 COMMENT             
pimo pohn pol2 polv pots pove prds ptag ptbb ptvl qaq1 quin COMMENT             
ramo reun reyk rgdg rio2 riop roth salu samo sant savo sch2 COMMENT             
scor scrz sctb scub seyg smst sofi spt0 ssia sthl stjo stk2 COMMENT             
str2 suth sutm suwn sydn syog tabl tabv tash thtg thti thu2 COMMENT             
tid1 tidb tlse tn22 tong tow2 tro1 tsea tskb tuva twtf txes COMMENT             
uclu ufpr ulab unb3 unbj unsa urum usn7 usud vald vill voim COMMENT             
vtsp wab1 wab2 wark wgtn whit will wind wsrt wtza wtzl wtzr COMMENT             
wtzs wtzz wuhn xmis yar2 yar3 yarr yell ykro zamb zeck zim2 COMMENT             
zim3 zimm                                                   COMMENT             
                                                            END OF HEADER       
[from data line 3861]
    10                                                      START OF TEC MAP    
  2022    12    19     9     0     0                        EPOCH OF CURRENT MAP
    87.5-180.0 180.0   5.0 450.0                            LAT/LON1/LON2/DLON/H
   86   88   90   93   94   96   98  100  101  102  103  104  105  105  105  105
  105  105  104  103  102  101  100   99   98   97   95   94   93   91   90   88
   87   86   84   83   81   80   79   77   76   75   74   72   71   70   69   68
   67   67   66   65   65   65   64   64   65   65   65   66   67   68   69   70
   71   73   74   76   78   80   82   84   86
    85.0-180.0 180.0   5.0 450.0                            LAT/LON1/LON2/DLON/H
   78   82   87   91   95   99  103  106  109  111  113  114  114  114  114  113
  112  110  109  106  104  102   99   97   94   92   90   87   85   83   81   79
   77   76   74   72   71   69   67   66   64   62   60   58   57   55   53   51
   50   48   47   46   45   44   44   43   43   43   43   44   44   45   47   48
   50   53   56   59   62   66   70   74   78
    82.5-180.0 180.0   5.0 450.0                            LAT/LON1/LON2/DLON/H
   65   71   77   84   90   96  101  106  109  112  114  115  115  114  112  109
  106  103   99   96   92   88   84   80   77   74   71   69   67   65   64   63
   62   61   60   60   59   58   57   56   55   53   52   50   48   46   44   42
   41   39   37   36   35   34   33   32   31   30   30   30   30   30   30   31
   33   35   37   40   44   48   53   59   65
    80.0-180.0 180.0   5.0 450.0                            LAT/LON1/LON2/DLON/H
   50   57   65   72   80   87   94   99  103  106  107  107  106  103   99   95
   90   85   79   74   69   64   60   56   53   50   47   46   44   44   44   44
   45   46   48   49   50   51   52   52   52   52   51   50   49   47   46   44
   43   42   41   40   39   38   37   36   35   34   33   31   29   28   26   25
   25   25   25   27   30   33   38   43   50
    77.5-180.0 180.0   5.0 450.0                            LAT/LON1/LON2/DLON/H
   37   44   52   60   68   76   83   89   93   95   95   94   90   86   80   74
   67   61   54   49   43   39   35   32   29   27   25   25   24   25   27   29
   32   35   39   43   47   51   54   56   58   59   60   60   60   60   59   59
   59   58   59   59   59   59   59   58   57   55   52   49   46   42   38   34
   30   27   25   24   24   25   28   32   37
    75.0-180.0 180.0   5.0 450.0                            LAT/LON1/LON2/DLON/H
   30   36   42   50   58   66   73   78   82   83   81   78   73   66   59   51
   44   37   32   27   23   20   18   16   14   13   13   13   13   15   17   21
   26   31   38   44   51   57   63   68   72   75   78   80   81   83   84   85
   86   87   88   90   91   92   93   92   91   89   85   80   75   69   62   55
   48   42   36   31   28   26   25   27   30
    72.5-180.0 180.0   5.0 450.0                            LAT/LON1/LON2/DLON/H
   30   33   38   44   52   59   65   70   72   72   69   64   57   49   41   34
   27   21   17   14   13   13   13   13   14   14   14   14   14   15   18   22
   27   34   43   52   61   70   78   86   92   98  103  107  111  114  116  119
  121  123  126  128  130  131  132  132  130  127  122  116  108  100   91   82
   73   64   56   48   41   36   32   30   30
    70.0-180.0 180.0   5.0 450.0                            LAT/LON1/LON2/DLON/H
   37   37   39   44   50   56   62   65   67   65   61   55   47   39   31   24
   19   15   13   13   15   18   21   24   26   27   27   26   25   25   26   30
   35   43   53   64   75   85   96  106  115  123  131  138  144  149  153  157
  160  162  164  166  168  169  169  168  166  161  155  147  137  127  117  107
   97   87   77   68   59   51   44   39   37
    67.5-180.0 180.0   5.0 450.0                            LAT/LON1/LON2/DLON/H
   47   45   46   49   53   58   63   65   65   63   58   51   44   36   30   24
   21   20   20   23   28   33   39   44   48   49   49   46   43   41   40   42
   47   55   66   77   90  102  113  125  136  147  158  168  177  184  190  194
  197  198  199  199  199  198  197  194  190  183  175  165  154  142  131  121
  112  103   94   85   77   68   59   52   47
    65.0-180.0 180.0   5.0 450.0                            LAT/LON1/LON2/DLON/H
   59   55   54   56   59   63   66   68   67   64   59   53   47   41   37   33
   32   32   35   39   45   52   59   65   70   72   70   66   61   56   53   54
   59   68   79   91  104  116  129  141  154  167  181  194  206  216  223  227
  228  228  226  223  220  216  212  207  200  191  180  168  155  142  131  121
  113  107  101   95   88   81   73   65   59
    62.5-180.0 180.0   5.0 450.0                            LAT/LON1/LON2/DLON/H
   69   64   63   64   66   69   71   71   69   66   62   57   53   50   48   48
   48   49   51   55   60   67   74   81   86   88   86   81   73   66   62   63
   68   78   90  104  117  129  141  153  167  183  199  215  230  241  249  253
  253  250  245  238  231  224  216  208  199  187  173  158  143  129  117  108
  102   98   96   94   91   87   81   74   69
    60.0-180.0 180.0   5.0 450.0                            LAT/LON1/LON2/DLON/H
   74   70   69   70   71   73   74   73   71   67   64   61   60   60   62   63
   64   65   65   66   69   73   80   86   91   93   91   85   77   69   65   67
   74   87  101  116  129  140  151  163  177  194  212  230  247  260  269  272
  271  265  257  246  235  224  214  203  191  177  162  144  126  109   95   86
   80   79   81   83   85   84   82   78   74
    57.5-180.0 180.0   5.0 450.0                            LAT/LON1/LON2/DLON/H
   74   72   71   72   74   75   74   72   69   65   63   63   65   68   72   75
   77   76   74   71   70   71   75   80   85   88   86   80   71   64   62   66
   78   94  112  128  142  152  162  173  186  203  222  241  258  272  281  285
  282  275  264  251  237  223  210  198  185  170  153  133  112   92   76   64
   57   56   60   65   71   75   76   76   74
    55.0-180.0 180.0   5.0 450.0                            LAT/LON1/LON2/DLON/H
   69   69   70   71   72   73   71   68   64   61   60   61   66   72   78   82
   84   82   77   71   65   63   64   68   72   74   73   67   60   55   55   64
   80  101  123  142  156  166  175  184  197  214  232  250  266  279  288  291
  290  282  270  255  239  224  210  198  185  170  153  132  109   86   65   49
   39   37   40   46   55   62   67   69   69
    52.5-180.0 180.0   5.0 450.0                            LAT/LON1/LON2/DLON/H
   62   63   64   66   68   68   67   63   58   55   54   57   63   71   78   83
   85   82   75   67   59   53   52   54   58   60   59   54   48   44   48   62
   84  110  137  159  174  183  191  200  212  227  243  258  271  282  290  294
  294  288  276  261  245  229  216  204  193  180  163  143  118   93   68   47
   33   26   26   31   40   49   56   60   62
    50.0-180.0 180.0   5.0 450.0                            LAT/LON1/LON2/DLON/H
   54   55   57   60   63   63   62   58   53   49   49   52   59   66   74   79
   81   79   73   64   56   49   47   47   50   51   49   44   39   38   45   63
   90  121  152  176  192  202  209  218  230  244  256  267  276  283  290  295
  296  293  283  269  253  238  226  216  206  196  182  163  139  111   83   58
   38   26   21   23   30   39   46   51   54
    47.5-180.0 180.0   5.0 450.0                            LAT/LON1/LON2/DLON/H
   46   48   50   54   57   59   59   55   51   48   47   50   55   61   68   73
   76   76   73   67   61   55   52   51   51   50   47   41   37   37   47   68
   98  133  166  192  209  219  228  238  250  262  272  277  280  283  288  294
  298  297  290  278  263  248  237  228  221  214  203  186  164  137  107   78
   54   36   26   23   27   33   40   44   46
    45.0-180.0 180.0   5.0 450.0                            LAT/LON1/LON2/DLON/H
   42   42   44   48   54   58   59   57   53   51   50   51   54   58   63   68
   73   77   78   77   74   71   68   66   64   60   54   47   42   44   55   77
  109  145  178  204  221  233  243  255  269  281  287  287  285  284  287  293
  299  301  296  285  271  257  246  238  233  227  219  205  186  160  131  101
   74   52   37   30   30   34   38   41   42
    42.5-180.0 180.0   5.0 450.0                            LAT/LON1/LON2/DLON/H
   40   39   41   46   53   59   62   62   60   59   58   58   58   60   63   67
   74   82   89   93   95   95   93   90   84   76   67   58   54   56   68   90
  120  154  186  211  228  240  252  267  283  295  300  296  290  285  287  294
  301  305  301  291  278  264  253  244  239  234  227  216  199  177  150  121
   94   70   52   41   37   38   41   42   40
    40.0-180.0 180.0   5.0 450.0                            LAT/LON1/LON2/DLON/H
   44   41   41   46   54   62   67   69   70   69   69   68   66   65   67   72
   80   92  103  112  118  121  119  115  106   95   83   73   68   72   84  104
  131  161  190  212  228  241  254  271  289  303  308  304  295  290  291  297
  305  309  306  297  285  271  259  249  241  234  227  217  202  183  160  135
  109   86   66   53   47   46   47   46   44
    37.5-180.0 180.0   5.0 450.0                            LAT/LON1/LON2/DLON/H
   51   46   45   49   57   65   72   75   78   79   80   79   76   74   75   80
   90  104  118  130  139  142  141  135  124  110   96   86   83   88  101  119
  142  166  190  210  225  237  251  269  289  306  313  310  303  298  300  306
  314  317  315  307  296  283  270  257  245  234  224  213  199  183  163  142
  120   99   80   67   59   57   57   56   51
    35.0-180.0 180.0   5.0 450.0                            LAT/LON1/LON2/DLON/H
   63   56   52   54   60   68   73   77   81   85   87   87   85   83   85   91
  102  116  131  143  150  153  152  145  134  119  105   96   96  104  117  134
  152  172  191  208  222  233  246  264  285  304  314  316  314  312  316  322
  328  331  330  325  317  305  291  275  258  242  228  214  199  183  166  148
  130  112   95   81   74   72   72   69   63
    32.5-180.0 180.0   5.0 450.0                            LAT/LON1/LON2/DLON/H
   81   71   64   62   65   68   71   74   78   83   88   89   89   90   93  101
  112  125  137  146  150  152  150  144  133  119  107  101  105  117  133  149
  163  179  196  211  224  233  245  261  282  302  317  325  329  334  340  346
  351  354  355  354  350  342  327  308  286  265  245  227  209  192  176  160
  145  129  114  101   93   91   91   88   81
    30.0-180.0 180.0   5.0 450.0                            LAT/LON1/LON2/DLON/H
  103   91   80   73   70   68   66   66   70   76   82   86   88   92   98  107
  117  127  134  138  139  139  137  132  124  113  104  102  112  129  148  165
  178  191  207  222  235  244  253  265  284  306  325  340  352  362  371  378
  382  386  390  395  397  392  378  356  330  304  280  259  238  218  200  183
  169  154  140  127  118  115  115  112  103
    27.5-180.0 180.0   5.0 450.0                            LAT/LON1/LON2/DLON/H
  130  115  100   88   77   68   60   56   59   66   73   78   82   88   97  107
  116  122  124  123  120  117  116  114  110  103   98  102  117  140  164  182
  195  208  225  243  258  267  273  282  297  319  342  363  382  398  409  416
  420  425  433  445  453  452  439  415  387  359  333  310  287  264  242  222
  206  190  175  161  151  147  145  140  130
    25.0-180.0 180.0   5.0 450.0                            LAT/LON1/LON2/DLON/H
  159  142  123  106   89   72   58   50   51   58   64   69   74   82   91  101
  108  110  107  102   97   94   94   96   96   93   93  102  123  151  179  199
  215  230  250  272  290  300  305  311  323  344  369  394  418  437  450  456
  460  467  480  497  511  512  500  476  448  421  397  375  351  325  299  275
  255  237  220  204  191  183  178  172  159
    22.5-180.0 180.0   5.0 450.0                            LAT/LON1/LON2/DLON/H
  189  171  149  128  105   82   63   53   53   58   63   66   69   75   83   91
   95   93   88   82   76   74   77   82   85   86   90  103  128  161  193  217
  236  255  279  305  328  341  347  351  361  380  405  432  457  477  490  495
  499  508  524  545  560  562  550  528  503  481  462  444  422  395  365  336
  311  289  270  251  234  222  213  204  189
    20.0-180.0 180.0   5.0 450.0                            LAT/LON1/LON2/DLON/H
  217  198  176  153  127  100   79   68   67   71   73   72   70   72   77   81
   81   77   72   67   64   64   69   75   80   83   90  106  135  171  206  233
  255  278  307  338  366  384  393  398  407  423  447  472  496  515  525  529
  533  542  560  580  594  594  581  561  542  528  518  506  489  463  431  397
  367  341  318  296  276  259  246  233  217
    17.5-180.0 180.0   5.0 450.0                            LAT/LON1/LON2/DLON/H
  239  221  202  179  153  126  105   95   96   99   97   89   81   76   75   73
   70   65   61   60   62   66   71   76   80   83   91  110  141  179  216  246
  271  298  330  366  399  423  436  444  454  469  489  511  531  545  553  555
  558  567  583  600  609  605  590  573  562  557  556  554  542  519  486  449
  414  385  359  334  310  289  271  256  239
    15.0-180.0 180.0   5.0 450.0                            LAT/LON1/LON2/DLON/H
  253  238  222  203  181  157  139  133  136  139  133  119  102   90   81   73
   65   60   60   65   72   78   83   85   85   85   93  114  147  186  223  254
  282  311  346  385  422  452  471  484  496  510  526  543  557  567  571  573
  575  582  594  604  606  597  581  568  564  569  577  581  575  556  523  485
  447  415  386  359  331  307  286  269  253
    12.5-180.0 180.0   5.0 450.0                            LAT/LON1/LON2/DLON/H
  256  245  235  222  205  187  175  174  181  184  175  155  131  110   94   80
   69   65   69   79   90   99  101   98   92   88   95  117  151  190  227  258
  287  318  354  394  435  469  495  513  527  541  554  566  574  579  581  582
  585  590  596  599  593  580  564  555  558  569  583  591  589  571  541  502
  463  429  398  368  338  311  288  270  256
    10.0-180.0 180.0   5.0 450.0                            LAT/LON1/LON2/DLON/H
  248  241  237  231  221  210  205  211  221  226  215  191  162  135  112   93
   81   78   86  100  114  123  122  113   99   91   96  119  154  193  228  259
  288  320  355  396  437  476  507  530  546  560  571  579  583  584  585  587
  590  593  594  591  580  565  551  547  554  568  582  590  586  570  541  504
  464  427  394  362  331  302  277  259  248
     7.5-180.0 180.0   5.0 450.0                            LAT/LON1/LON2/DLON/H
  230  227  228  228  225  221  224  235  249  255  245  219  188  157  130  109
   97   95  105  122  137  145  142  127  107   94   98  121  157  195  229  258
  287  318  353  392  434  475  509  535  553  566  577  583  585  585  586  589
  593  595  594  588  577  563  554  554  563  575  584  584  575  557  529  493
  454  415  379  345  312  282  257  240  230
     5.0-180.0 180.0   5.0 450.0                            LAT/LON1/LON2/DLON/H
  205  204  208  213  215  218  226  242  259  266  257  233  203  172  144  123
  112  112  123  139  154  162  157  140  116   99  101  125  161  198  229  257
  285  316  349  387  429  470  506  531  549  563  575  582  584  584  585  590
  596  600  600  596  588  581  577  581  589  595  593  581  563  541  513  479
  440  399  360  323  288  258  233  215  205
     2.5-180.0 180.0   5.0 450.0                            LAT/LON1/LON2/DLON/H
  179  177  182  188  194  201  213  231  249  257  250  230  203  174  149  131
  122  124  134  147  160  169  166  150  126  108  109  132  167  201  230  257
  284  314  347  383  424  465  500  524  541  556  569  579  583  583  585  591
  599  606  610  612  613  615  619  624  629  625  610  584  555  526  498  466
  428  386  343  302  266  235  209  190  179
