interface/IONEXdata/CODG0210.22I
     1.0            IONOSPHERE MAPS     GNSS                IONEX VERSION / TYPE
ADDNEQ2 V5.3        AIUB                04-FEB-22 12:23     PGM / RUN BY / DATE 
CODE'S GLOBAL IONOSPHERE MAPS FOR DAY 021, 2022             COMMENT             
Global ionosphere maps (GIM) are generated on a daily basis DESCRIPTION         
at CODE using data from about 300 GNSS sites of the IGS and DESCRIPTION         
other institutions. The vertical total electron content     DESCRIPTION         
(VTEC) is modeled in a solar-geomagnetic reference frame    DESCRIPTION         
using a spherical harmonics expansion up to degree and      DESCRIPTION         
order 15. Piece-wise linear functions are used for          DESCRIPTION         
representation in the time domain. The time spacing of      DESCRIPTION         
their vertices is 1 hour, conforming with the epochs of the DESCRIPTION         
VTEC maps.                                                  DESCRIPTION         
To convert line-of-sight TEC into vertical TEC, a modified  DESCRIPTION         
single-layer model mapping function approximating the JPL   DESCRIPTION         
extended slab model mapping function is adopted. The        DESCRIPTION         
mapping function is evaluated at geodetic satellite         DESCRIPTION         
elevation angles. For the computation of the ionospheric    DESCRIPTION         
pierce points, a spherical layer with a radius of 6821 km   DESCRIPTION         
is assumed, implying geocentric, not geodetic IONEX         DESCRIPTION         
latitudes.                                                  DESCRIPTION         
Instrumental biases with respect to each involved GNSS code DESCRIPTION         
observable are estimated as constant values for each        DESCRIPTION         
day. They are modeled with one set of bias parameters for   DESCRIPTION         
each satellite and each station in case of GPS and for each DESCRIPTION         
satellite-station link in case of GLONASS. The code bias    DESCRIPTION         
datum is defined by zero-mean conditions imposed on the     DESCRIPTION         
satellite bias estimates. In this file, just GPS C1W-C2W    DESCRIPTION         
satellite and station bias values are included. The         DESCRIPTION         
complete set of GNSS code bias results is provided in an    DESCRIPTION         
additional Bias-SINEX file as pseudo-absolute values        DESCRIPTION         
specific to each observable.                                DESCRIPTION         
Note: These GIM results correspond to the results for the   DESCRIPTION         
middle day of a 3-day combination analysis solving for 73   DESCRIPTION         
times 256, or 18688 VTEC parameters and 3 daily sets of     DESCRIPTION         
GNSS code bias parameters.                                  DESCRIPTION         
Contact address: code(at)aiub.unibe.ch                      DESCRIPTION         
Data archive:    ftp.aiub.unibe.ch/CODE/                    DESCRIPTION         
                 www.aiub.unibe.ch/download/CODE/           DESCRIPTION         
  2022     1    21     0     0     0                        EPOCH OF FIRST MAP  
  2022     1    22     0     0     0                        EPOCH OF LAST MAP   
  3600                                                      INTERVAL            
[...]
badg bake bako barh bjfs bndy bogo bogt bor1 braz brft brst COMMENT             
brux bshm cags cas1 ccj2 cedu chpg chpi chti chur ckis coco COMMENT             
cord cpvg cro1 daej darw dav1 dgar dhlg drao dubo ebre faa1 COMMENT             
fair flin flrs frdn ftna func ganp glps glsv gode godz gol2 COMMENT             
gold gope gras graz guug harb hers hert hlfx hnpt hob2 hofn COMMENT             
holb hrao hyde ieng iisc invk iqal isba joz2 joze karr kerg COMMENT             
kir0 kiru kit3 kokb kokv koug kour krgg laut lmmf lpal lpgs COMMENT             
m0se mac1 madr mal2 mana mas1 mat1 mate maw1 mcil mcm4 mdo1 COMMENT             
mdvj medi mets mgue mizu mkea mobj mobs monp morp mqzg mro1 COMMENT             
mtka nano nico nist nklg nlib nnor not1 nrc1 ntus nya1 nyal COMMENT             
ohi2 onsa opmt ous2 pado parc park pdel penc pie1 pimo pohn COMMENT             
pol2 polv pots pove prds ptbb qaq1 quin rabt ramo reun reyk COMMENT             
rgdg rio2 riop salu samo sant savo sch2 scor scrz sctb scub COMMENT             
seyg sofi spt0 sthl stjo stk2 str2 suth sutm suwn sydn syog COMMENT             
tabl tabv tash tehn thtg thti thu2 tid1 tidb tixg tlse tow2 COMMENT             
tro1 tsea tskb tuva twtf uclu ufpr ulab unb3 unbj unbn urum COMMENT             
usn7 usud vald vill voim wab2 wark wes2 wgtn whit will wind COMMENT             
wsrt wtza wtzl wtzr wtzs wtzz wuhn xmis yakt yar2 yar3 yarr COMMENT             
yell ykro yssk zamb zeck zim2 zim3 zimm                     COMMENT             
                                                            END OF HEADER       
     1                                                      START OF TEC MAP    
  2022     1    21     0     0     0                        EPOCH OF CURRENT MAP
    87.5-180.0 180.0   5.0 450.0                            LAT/LON1/LON2/DLON/H
   21   21   21   22   22   22   22   22   22   22   22   22   22   22   22   21
   21   21   20   20   19   19   18   18   17   17   16   16   16   15   15   15
   15   14   14   14   14   14   14   14   14   15   15   15   15   15   15   16
   16   16   16   16   17   17   17   17   17   17   18   18   18   18   18   18
   19   19   19   19   20   20   20   20   21
    85.0-180.0 180.0   5.0 450.0                            LAT/LON1/LON2/DLON/H
   22   23   24   24   25   26   27   27   28   28   28   28   28   28   27   27
   26   25   24   23   22   20   19   18   17   15   14   13   13   12   11   11
   11   10   10   10   10   11   11   11   12   12   13   13   14   15   15   16
   16   16   17   17   17   17   17   17   17   17   17   17   17   17   17   17
   17   18   18   19   19   20   20   21   22
    82.5-180.0 180.0   5.0 450.0                            LAT/LON1/LON2/DLON/H
   23   24   26   27   28   30   31   32   33   34   34   35   34   34   33   32
   31   30   28   26   24   22   20   18   16   14   13   11   10    9    9    8
    8    8    8    8    8    9    9   10   11   12   12   13   14   15   16   17
   18   19   19   19   19   19   19   18   17   17   16   15   15   15   14   14
   15   15   16   17   18   19   20   22   23
    80.0-180.0 180.0   5.0 450.0                            LAT/LON1/LON2/DLON/H
   25   27   29   31   32   34   35   37   38   39   40   40   40   40   39   38
   36   34   31   29   26   23   21   18   16   14   12   11   10    9    9    9
    9    9    9    9    9   10   10   11   11   12   13   14   16   17   18   20
   21   22   22   22   22   21   20   19   17   16   14   13   12   12   12   12
   13   14   15   16   18   20   22   24   25
    77.5-180.0 180.0   5.0 450.0                            LAT/LON1/LON2/DLON/H
   31   33   34   36   37   39   40   42   43   44   45   46   45   45   43   41
   39   37   34   31   27   24   22   19   17   15   14   13   12   12   12   12
   13   13   13   13   13   13   13   13   13   13   14   15   17   19   20   22
   24   25   25   25   25   23   22   19   17   15   12   11   10    9    9   10
   12   14   17   19   22   25   27   29   31
    75.0-180.0 180.0   5.0 450.0                            LAT/LON1/LON2/DLON/H
   41   42   43   44   45   46   46   47   48   49   50   50   49   47   46   43
   40   37   34   31   28   25   23   21   19   18   17   17   17   17   18   18
   19   19   19   18   17   17   16   15   14   14   15   16   17   19   21   24
   26   27   28   28   27   25   22   19   16   13   10    8    7    7    9   11
   14   18   22   26   30   34   37   39   41
    72.5-180.0 180.0   5.0 450.0                            LAT/LON1/LON2/DLON/H
   55   56   55   55   54   54   54   54   54   54   54   53   51   49   46   43
   39   36   33   30   28   26   24   22   21   21   21   21   22   23   24   24
   24   24   24   23   21   20   18   16   15   14   14   15   16   18   21   24
   26   28   29   29   28   25   22   18   14   11    8    6    6    8   11   15
   20   25   31   37   43   47   51   54   55
    70.0-180.0 180.0   5.0 450.0                            LAT/LON1/LON2/DLON/H
   71   70   69   67   65   64   63   62   61   60   59   57   53   49   45   41
   37   34   31   29   28   26   25   24   24   24   24   25   26   27   28   28
   28   27   26   24   22   20   18   16   14   13   13   13   14   16   19   22
   25   27   28   28   26   24   20   16   12    8    6    6    7   10   15   21
   28   35   43   50   57   62   67   69   71
    67.5-180.0 180.0   5.0 450.0                            LAT/LON1/LON2/DLON/H
   85   84   82   79   76   73   71   70   69   67   64   61   56   50   45   39
   35   32   30   28   28   27   27   26   26   26   26   27   28   28   29   28
   27   26   24   22   20   18   15   14   12   11   10   11   12   14   17   20
   23   25   26   25   23   20   17   12    9    6    6    7   10   15   22   30
   38   46   55   63   70   76   81   84   85
    65.0-180.0 180.0   5.0 450.0                            LAT/LON1/LON2/DLON/H
   96   95   93   89   85   82   79   77   76   74   71   66   60   52   45   39
   34   31   29   29   29   28   28   27   26   26   26   26   27   27   26   25
   23   20   18   16   14   13   12   11   10    9    9    9   11   12   15   17
   20   21   22   21   19   16   12    9    6    5    6   10   15   22   31   39
   48   57   65   73   80   86   91   94   96
    62.5-180.0 180.0   5.0 450.0                            LAT/LON1/LON2/DLON/H
  102  102  100   96   92   88   85   83   81   80   76   71   64   56   48   41
   36   33   31   31   30   29   28   26   25   24   23   23   23   22   21   19
   16   13   11    9    8    8    8    8    9    9    9   10   11   12   14   16
   17   18   18   17   15   12    9    6    4    5    8   14   21   31   40   49
   58   65   72   78   84   90   95  100  102
    60.0-180.0 180.0   5.0 450.0                            LAT/LON1/LON2/DLON/H
  105  106  105  101   96   92   88   86   85   84   81   76   69   61   53   46
   41   37   36   34   32   30   27   24   21   20   19   19   19   18   16   13
   10    7    5    4    4    5    7    9   10   11   12   12   13   13   14   15
   16   16   15   14   12    9    7    5    4    6   11   19   29   39   50   59
   66   71   76   79   84   89   95  100  105
    57.5-180.0 180.0   5.0 450.0                            LAT/LON1/LON2/DLON/H
  106  109  109  106  100   95   90   88   87   86   84   80   74   67   59   53
   47   44   41   38   35   30   26   21   18   16   15   15   16   15   14   11
    8    6    4    4    5    7   10   13   15   16   17   17   17   17   17   17
   16   16   15   14   12   10    8    6    7   10   16   25   36   47   58   66
   72   75   77   78   81   85   92   99  106
    55.0-180.0 180.0   5.0 450.0                            LAT/LON1/LON2/DLON/H
  108  114  116  113  107   99   93   90   89   88   86   83   78   72   66   60
   55   51   46   42   36   30   24   19   16   14   14   15   16   16   15   14
   11    9    8    9   11   14   17   20   22   23   24   23   23   22   22   21
   20   19   19   18   17   15   13   12   13   16   23   32   43   54   64   72
   76   78   77   77   78   82   89   99  108
    52.5-180.0 180.0   5.0 450.0                            LAT/LON1/LON2/DLON/H
  115  124  127  124  117  108  100   94   92   90   88   85   82   77   72   67
   62   57   51   44   37   30   23   19   16   16   17   19   20   21   21   20
   19   18   18   19   22   25   28   30   31   32   32   31   30   29   28   27
   26   26   26   26   26   25   24   23   23   25   31   40   50   60   69   76
   80   80   79   78   78   82   91  103  115
    50.0-180.0 180.0   5.0 450.0                            LAT/LON1/LON2/DLON/H
  126  137  142  139  131  120  111  103   98   94   91   88   85   82   78   74
   68   61   53   45   37   30   25   22   21   22   24   26   28   29   29   29
   29   29   30   32   35   37   39   41   41   41   40   40   39   38   37   36
   35   36   36   38   39   39   38   36   35   37   41   48   56   65   73   79
   82   83   82   82   83   88   98  111  126
    47.5-180.0 180.0   5.0 450.0                            LAT/LON1/LON2/DLON/H
  139  152  159  157  148  137  126  116  109  102   97   92   89   86   83   79
   72   64   55   46   38   33   30   29   30   32   34   35   36   36   36   36
   37   39   41   44   47   49   50   50   50   50   49   48   47   47   46   46
   46   47   49   51   53   54   53   51   50   50   52   58   64   70   76   81
   84   87   88   89   91   97  108  123  139
    45.0-180.0 180.0   5.0 450.0                            LAT/LON1/LON2/DLON/H
  152  166  173  173  165  154  143  133  123  114  106  100   95   92   89   84
   76   66   56   48   42   38   38   40   42   44   45   44   42   41   40   41
   42   45   49   52   55   57   58   58   58   57   57   56   56   55   55   55
   56   58   61   64   67   68   68   65   63   63   65   68   72   76   79   83
   87   91   95   98  102  109  120  136  152
    42.5-180.0 180.0   5.0 450.0                            LAT/LON1/LON2/DLON/H
  160  174  182  182  177  168  158  149  139  129  118  110  104  100   96   90
   81   70   60   52   49   48   49   52   55   56   54   50   45   41   39   40
   43   47   51   55   59   62   63   64   63   63   64   64   64   63   63   64
   65   67   70   74   77   78   78   76   75   75   77   80   82   83   84   86
   90   96  102  108  113  120  130  144  160
    40.0-180.0 180.0   5.0 450.0                            LAT/LON1/LON2/DLON/H
  161  173  181  183  180  174  168  161  153  142  130  121  114  110  105   98
   88   77   67   61   59   60   61   63   65   63   59   52   44   39   36   37
   40   45   49   54   60   64   66   67   68   69   71   71   71   70   69   70
   71   73   76   78   81   82   82   81   82   84   88   92   93   92   90   90
   94  101  108  116  122  128  136  148  161
    37.5-180.0 180.0   5.0 450.0                            LAT/LON1/LON2/DLON/H
  154  164  171  174  173  171  169  166  160  151  140  130  124  120  116  108
   98   87   78   74   72   72   72   71   70   66   59   50   41   35   33   35
   39   43   47   53   59   65   69   71   73   75   77   77   76   74   73   73
   74   75   76   77   78   79   79   80   83   89   97  102  104  102   99   97
   99  106  114  122  128  132  137  145  154
    35.0-180.0 180.0   5.0 450.0                            LAT/LON1/LON2/DLON/H
  145  151  157  159  159  160  161  163  161  154  144  136  132  129  126  119
  109   99   92   88   86   83   79   74   68   63   56   48   40   35   35   38
   42   45   48   53   60   67   72   75   78   80   83   83   80   77   74   73
   73   74   73   72   71   71   71   74   80   91  102  111  115  113  109  106
  107  112  120  127  132  134  136  139  145
    32.5-180.0 180.0   5.0 450.0                            LAT/LON1/LON2/DLON/H
  137  141  145  146  146  147  150  154  155  150  143  137  135  135  134  129
  121  113  106  102   97   89   79   70   62   57   52   47   43   42   45   50
   53   55   56   59   66   73   78   81   83   86   88   87   83   77   73   71
   71   70   68   64   61   59   60   64   74   88  105  118  124  124  120  117
  117  121  127  133  136  137  136  135  137
    30.0-180.0 180.0   5.0 450.0                            LAT/LON1/LON2/DLON/H
  140  142  144  143  140  140  142  147  148  144  138  134  134  136  137  135
  129  123  117  111  102   89   74   62   54   52   52   54   55   59   65   71
   74   72   70   70   75   82   87   89   89   91   92   90   85   77   71   68
   67   66   62   57   51   48   48   54   67   85  105  122  131  133  132  130
  130  132  136  141  144  144  141  139  140
    27.5-180.0 180.0   5.0 450.0                            LAT/LON1/LON2/DLON/H
  157  160  161  158  152  147  146  148  148  142  135  130  130  133  136  136
  133  129  122  114  101   84   66   53   48   52   60   69   76   84   93  100
  101   96   89   85   87   93   96   96   95   95   95   93   86   77   69   66
   65   63   58   51   45   40   40   47   61   82  105  124  137  143  145  146
  146  148  150  154  157  158  157  156  157
    25.0-180.0 180.0   5.0 450.0                            LAT/LON1/LON2/DLON/H
  191  197  199  194  184  175  170  167  161  151  139  129  127  129  132  133
  132  128  121  109   93   74   57   47   49   61   78   93  105  115  124  130
  129  120  108  100   99  102  104  102   99   98   98   95   88   77   69   65
   64   62   57   50   42   37   37   44   59   81  105  126  142  152  159  163
  166  167  169  172  177  181  183  186  191
    22.5-180.0 180.0   5.0 450.0                            LAT/LON1/LON2/DLON/H
  238  250  255  251  238  225  215  207  195  177  156  139  129  126  127  128
  128  123  114  100   82   65   52   50   60   81  104  123  136  145  153  157
  153  140  123  111  107  108  108  105  101   99   99   97   90   79   70   66
   65   64   59   51   44   39   39   47   62   84  108  130  148  162  174  183
  188  189  191  195  202  210  218  227  238
    20.0-180.0 180.0   5.0 450.0                            LAT/LON1/LON2/DLON/H
  293  312  322  319  306  291  279  268  250  223  192  163  143  131  127  126
  123  117  105   89   72   60   56   63   82  110  136  155  165  169  172  172
  165  150  131  116  110  110  109  105  101  100  101  100   93   82   73   68
   67   66   62   55   48   44   46   54   70   91  115  136  155  173  190  204
  211  214  215  220  230  243  258  274  293
    17.5-180.0 180.0   5.0 450.0                            LAT/LON1/LON2/DLON/H
  346  372  387  387  376  363  353  342  321  286  244  202  169  148  136  130
  124  115  101   83   69   64   70   87  113  143  168  183  186  183  179  175
  166  149  129  113  107  106  106  103  100  100  102  102   96   85   75   71
   70   69   66   60   54   51   55   65   81  102  124  145  166  186  207  225
  235  238  239  245  258  275  296  319  346
    15.0-180.0 180.0   5.0 450.0                            LAT/LON1/LON2/DLON/H
  388  419  440  444  437  429  424  417  397  358  307  254  209  176  156  144
  135  123  105   87   76   79   94  118  147  175  195  201  195  184  174  166
  157  141  122  107  100  100  100   99   98  100  103  104   98   87   78   73
   72   72   69   63   58   58   64   76   93  114  136  157  178  200  224  245
  257  260  262  268  282  303  327  356  388
    12.5-180.0 180.0   5.0 450.0                            LAT/LON1/LON2/DLON/H
  414  448  470  477  475  474  479  480  465  427  371  311  257  216  188  171
  158  142  122  103   96  105  126  153  179  200  210  208  193  175  160  151
  143  130  114  101   95   95   96   96   96   99  103  104   98   88   78   74
   73   73   70   65   61   63   71   86  106  127  149  169  190  214  240  262
  275  279  281  287  302  323  348  379  414
    10.0-180.0 180.0   5.0 450.0                            LAT/LON1/LON2/DLON/H
  422  455  477  485  486  493  508  520  513  480  426  365  308  262  229  209
  193  174  152  133  128  139  162  186  204  214  214  203  184  163  147  138
  132  123  111  100   95   94   94   95   96   99  102  102   96   86   77   73
   73   73   70   65   62   65   76   94  116  139  160  181  202  226  252  275
  289  294  296  303  316  335  359  388  422
     7.5-180.0 180.0   5.0 450.0                            LAT/LON1/LON2/DLON/H
  414  443  462  469  472  484  507  529  532  508  463  407  353  308  275  253
  236  216  193  174  168  178  197  212  218  215  207  192  173  154  141  135
  132  127  118  109  103   99   97   96   96   98  100   99   92   83   75   72
   73   74   71   66   63   67   80  101  125  148  170  189  210  233  259  282
  297  304  308  314  326  341  360  384  414
     5.0-180.0 180.0   5.0 450.0                            LAT/LON1/LON2/DLON/H
  398  421  435  439  441  455  482  510  522  510  476  432  387  348  318  298
  281  263  240  220  212  217  226  228  221  207  193  181  168  155  148  145
  145  142  135  127  118  111  105   99   97   97   97   94   87   78   72   72
   75   77   74   69   65   69   84  106  131  155  176  195  214  236  260  282
  299  308  315  322  332  343  356  374  398
     2.5-180.0 180.0   5.0 450.0                            LAT/LON1/LON2/DLON/H
  379  397  407  407  406  418  444  474  491  488  467  438  406  377  354  337
  324  307  285  265  254  251  248  236  216  195  181  174  171  169  168  169
  170  168  161  151  140  127  115  105   99   96   94   89   82   74   71   73
   78   81   80   74   70   73   88  110  136  160  179  196  213  233  255  277
  295  308  318  327  336  343  350  362  379
