interface/IONEXdata/CODG0380.22I
     1.0            IONOSPHERE MAPS     GNSS                IONEX VERSION / TYPE
ADDNEQ2 V5.3        AIUB                11-FEB-22 20:48     PGM / RUN BY / DATE 
CODE'S GLOBAL IONOSPHERE MAPS FOR DAY 038, 2022             COMMENT             
Global ionosphere maps (GIM) are generated on a daily basis DESCRIPTION         
at CODE using data from about 300 GNSS sites of the IGS and DESCRIPTION         
other institutions. The vertical total electron content     DESCRIPTION         
(VTEC) is modeled in a solar-geomagnetic reference frame    DESCRIPTION         
using a spherical harmonics expansion up to degree and      DESCRIPTION         
order 15. Piece-wise linear functions are used for          DESCRIPTION         
representation in the time domain. The time spacing of      DESCRIPTION         
their vertices is 1 hour, conforming with the epochs of the DESCRIPTION         
VTEC maps.                                                  DESCRIPTION         
To convert line-of-sight TEC into vertical TEC, a modified  DESCRIPTION         
single-layer model mapping function approximating the JPL   DESCRIPTION         
extended slab model mapping function is adopted. The        DESCRIPTION         
mapping function is evaluated at geodetic satellite         DESCRIPTION         
elevation angles. For the computation of the ionospheric    DESCRIPTION         
pierce points, a spherical layer with a radius of 6821 km   DESCRIPTION         
is assumed, implying geocentric, not geodetic IONEX         DESCRIPTION         
latitudes.                                                  DESCRIPTION         
Instrumental biases with respect to each involved GNSS code DESCRIPTION         
observable are estimated as constant values for each        DESCRIPTION         
day. They are modeled with one set of bias parameters for   DESCRIPTION         
each satellite and each station in case of GPS and for each DESCRIPTION         
satellite-station link in case of GLONASS. The code bias    DESCRIPTION         
datum is defined by zero-mean conditions imposed on the     DESCRIPTION         
satellite bias estimates. In this file, just GPS C1W-C2W    DESCRIPTION         
satellite and station bias values are included. The         DESCRIPTION         
complete set of GNSS code bias results is provided in an    DESCRIPTION         
additional Bias-SINEX file as pseudo-absolute values        DESCRIPTION         
specific to each observable.                                DESCRIPTION         
Note: These GIM results correspond to the results for the   DESCRIPTION         
middle day of a 3-day combination analysis solving for 73   DESCRIPTION         
times 256, or 18688 VTEC parameters and 3 daily sets of     DESCRIPTION         
GNSS code bias parameters.                                  DESCRIPTION         
Contact address: code(at)aiub.unibe.ch                      DESCRIPTION         
Data archive:    ftp.aiub.unibe.ch/CODE/                    DESCRIPTION         
                 www.aiub.unibe.ch/download/CODE/           DESCRIPTION         
  2022     2     7     0     0     0                        EPOCH OF FIRST MAP  
  2022     2     8     0     0     0                        EPOCH OF LAST MAP   
  3600                                                      INTERVAL            
[...]
bako barh bjfs bndy bogo bogt bor1 braz brst brux bshm cags COMMENT             
cas1 ccj2 cedu chpg chpi chti chur ckis cnmr coco cord cpvg COMMENT             
cro1 daej darw dav1 dgar dhlg drao dubo ebre faa1 fair flin COMMENT             
frdn ftna func ganp glps glsv gode godz gol2 gold gope gras COMMENT             
graz guug harb hers hert hlfx hnlc hnpt hob2 hofn holb hrao COMMENT             
hyde ieng iisc invk iqal irkj isba joz2 joze karr kerg kir0 COMMENT             
kiru kit3 kokb kokv koug kour krgg laut lmmf lpal lpgs m0se COMMENT             
mac1 madr mal2 mana mas1 mat1 mate maui maw1 mcil mcm4 mdo1 COMMENT             
mdvj medi mets mgue mizu mkea mobj mobs monp morp mqzg mro1 COMMENT             
mtka nano nico nist nklg nlib nnor not1 nrc1 ntus nya1 nyal COMMENT             
onsa opmt ous2 pado parc park pdel penc pie1 pimo pohn pol2 COMMENT             
polv pots pove prds ptbb qaq1 quin rabt ramo reun reyk rgdg COMMENT             
rio2 riop salu samo sant savo sch2 scor scrz sctb scub seyg COMMENT             
sofi spt0 sthl stjo stk2 str2 suth sutm suwn sydn syog tabl COMMENT             
tabv tash tehn thtg thti thu2 tid1 tidb tixg tlse tow2 tro1 COMMENT             
tsea tskb tuva twtf uclu ufpr ulab unb3 unbj unbn unsa urum COMMENT             
usud vald vill voim wab2 wark wes2 wgtn whit will wind wsrt COMMENT             
wuhn xmis yakt yar2 yar3 yarr yell ykro yssk zamb zeck zim2 COMMENT             
zim3 zimm                                                   COMMENT             
                                                            END OF HEADER       
[from data line 7722]
    19                                                      START OF TEC MAP    
  2022     2     7    18     0     0                        EPOCH OF CURRENT MAP
    87.5-180.0 180.0   5.0 450.0                            LAT/LON1/LON2/DLON/H
   82   82   81   81   80   80   80   79   79   79   79   79   79   80   80   80
   81   81   81   82   82   83   83   84   84   85   85   86   87   87   88   88
   89   89   90   90   91   91   92   92   93   93   93   94   94   94   94   94
   94   94   94   94   94   94   93   93   92   92   91   91   90   90   89   88
   88   87   86   86   85   84   84   83   82
    85.0-180.0 180.0   5.0 450.0                            LAT/LON1/LON2/DLON/H
   71   70   69   67   66   66   65   65   64   64   65   65   66   66   67   68
   69   70   71   72   73   74   75   75   76   77   78   78   79   80   80   81
   82   83   83   84   85   86   87   88   89   90   91   91   92   92   93   93
   93   93   93   93   92   92   91   91   90   89   88   87   86   85   84   83
   82   81   79   78   76   75   74   72   71
    82.5-180.0 180.0   5.0 450.0                            LAT/LON1/LON2/DLON/H
   59   57   55   53   51   50   49   48   48   48   49   50   51   53   55   57
   58   60   62   64   65   66   67   68   68   69   69   69   69   69   70   70
   71   71   72   73   74   76   77   78   80   81   83   84   85   86   87   87
   87   88   87   87   87   86   85   84   83   82   81   80   79   78   76   75
   74   72   71   69   67   65   63   61   59
    80.0-180.0 180.0   5.0 450.0                            LAT/LON1/LON2/DLON/H
   49   46   43   40   38   36   35   34   34   35   36   38   40   43   46   50
   53   56   59   61   63   64   64   65   64   63   62   61   60   59   58   58
   58   58   59   59   61   62   64   66   68   70   72   74   75   77   78   79
   80   80   80   79   79   78   77   76   75   74   73   71   70   69   68   67
   66   64   63   61   59   57   54   51   49
    77.5-180.0 180.0   5.0 450.0                            LAT/LON1/LON2/DLON/H
   42   39   36   33   30   28   26   26   26   27   29   32   36   40   45   50
   55   59   63   66   68   69   69   68   67   64   62   59   56   53   51   49
   47   47   46   47   48   49   51   53   55   58   60   63   65   67   69   71
   72   72   72   72   71   70   69   68   67   66   64   63   63   62   61   60
   59   58   57   55   53   51   49   46   42
    75.0-180.0 180.0   5.0 450.0                            LAT/LON1/LON2/DLON/H
   41   37   34   31   28   25   24   24   24   26   30   34   39   45   52   58
   65   71   76   80   82   83   82   80   77   73   68   63   58   53   49   45
   43   40   39   38   38   38   40   41   44   47   50   53   56   59   61   63
   64   65   66   66   65   64   63   62   61   60   58   57   57   56   55   55
   54   54   53   52   51   49   46   44   41
    72.5-180.0 180.0   5.0 450.0                            LAT/LON1/LON2/DLON/H
   42   39   36   33   31   29   28   29   30   33   37   43   49   57   65   73
   81   89   95  100  103  104  102   99   95   89   82   75   68   61   55   49
   45   41   37   35   33   32   32   33   35   37   40   44   47   51   54   56
   58   60   60   61   61   60   59   58   57   55   54   53   52   52   51   51
   51   51   50   50   49   48   46   44   42
    70.0-180.0 180.0   5.0 450.0                            LAT/LON1/LON2/DLON/H
   43   42   40   38   37   36   37   38   41   45   50   57   64   73   82   91
  100  109  116  122  126  127  126  122  116  109  101   92   83   75   67   60
   54   48   42   37   33   30   29   28   29   30   33   36   40   44   47   50
   52   54   55   56   56   56   55   55   53   52   51   50   49   48   48   47
   47   47   47   47   46   46   45   44   43
    67.5-180.0 180.0   5.0 450.0                            LAT/LON1/LON2/DLON/H
   43   43   43   43   43   44   46   49   54   59   66   73   81   90   99  109
  118  128  136  143  148  149  149  145  139  131  122  112  103   94   85   77
   68   60   52   45   38   33   28   26   25   25   27   30   33   37   40   43
   45   47   48   49   50   51   51   50   49   48   47   46   45   44   43   43
   42   42   42   42   42   42   42   43   43
    65.0-180.0 180.0   5.0 450.0                            LAT/LON1/LON2/DLON/H
   40   41   43   44   47   50   54   59   65   72   80   88   96  105  114  123
  133  142  151  159  164  167  167  164  158  150  142  132  123  114  105   95
   85   76   65   56   46   38   31   26   23   22   23   25   28   30   33   35
   36   38   39   41   42   43   43   43   43   42   41   40   39   39   38   37
   36   35   35   34   35   36   37   38   40
    62.5-180.0 180.0   5.0 450.0                            LAT/LON1/LON2/DLON/H
   34   37   40   43   47   53   59   66   74   83   91  100  108  116  124  133
  142  151  160  168  174  177  178  176  171  164  157  149  141  132  123  114
  103   91   79   67   55   45   35   28   24   21   21   22   23   25   26   27
   27   28   29   30   32   33   34   34   34   34   33   33   33   33   32   31
   30   29   27   27   27   28   30   32   34
    60.0-180.0 180.0   5.0 450.0                            LAT/LON1/LON2/DLON/H
   28   31   35   40   45   53   61   70   80   90   99  108  116  123  130  138
  146  154  163  170  176  180  182  180  177  172  167  161  155  148  139  130
  118  105   92   78   65   52   42   33   27   23   21   21   22   22   21   21
   20   19   20   21   22   23   24   24   25   25   25   26   27   27   28   27
   26   24   22   20   20   21   23   25   28
    57.5-180.0 180.0   5.0 450.0                            LAT/LON1/LON2/DLON/H
   25   27   31   36   43   52   62   73   84   94  104  113  121  128  134  141
  147  155  162  169  175  178  180  179  177  174  171  168  164  159  152  142
  130  117  102   88   74   61   49   40   32   27   25   24   23   22   20   18
   16   14   14   14   15   15   16   17   17   18   19   21   23   25   26   26
   25   23   20   18   18   18   20   22   25
    55.0-180.0 180.0   5.0 450.0                            LAT/LON1/LON2/DLON/H
   25   27   31   36   44   54   65   76   88   98  108  116  124  131  137  143
  149  155  162  167  172  174  175  174  173  172  172  172  171  167  161  151
  139  124  110   95   82   70   58   48   40   35   32   30   28   26   24   21
   17   15   13   13   13   13   13   13   14   15   17   20   23   26   29   30
   29   27   24   22   21   21   22   24   25
    52.5-180.0 180.0   5.0 450.0                            LAT/LON1/LON2/DLON/H
   31   32   35   41   49   60   72   83   94  104  113  121  128  135  141  147
  153  158  163  167  170  171  171  170  169  170  171  174  175  173  167  157
  144  129  114  101   89   78   68   59   51   45   41   38   37   34   31   28
   24   21   20   19   18   18   17   17   17   18   21   24   28   32   36   38
   37   36   33   30   29   29   30   31   31
    50.0-180.0 180.0   5.0 450.0                            LAT/LON1/LON2/DLON/H
   42   42   44   50   60   71   84   95  105  113  120  127  133  140  147  154
  160  165  169  172  172  171  169  168  167  168  171  175  178  177  171  160
  145  130  116  104   95   87   78   69   61   55   51   48   47   44   41   38
   35   33   32   31   30   29   27   26   27   28   30   33   37   41   45   48
   49   47   45   42   41   42   42   42   42
    47.5-180.0 180.0   5.0 450.0                            LAT/LON1/LON2/DLON/H
   54   53   56   63   74   87  100  111  119  125  130  135  141  148  155  162
  169  174  178  180  179  176  173  170  169  170  173  178  180  179  172  160
  144  128  115  106   99   94   87   79   72   65   61   58   56   54   52   50
   48   47   47   46   45   43   42   40   40   41   43   45   48   52   56   59
   60   59   57   55   54   55   56   55   54
    45.0-180.0 180.0   5.0 450.0                            LAT/LON1/LON2/DLON/H
   64   64   68   77   90  105  118  129  135  139  142  145  150  157  164  172
  179  185  189  190  189  185  181  177  175  175  177  180  182  179  171  158
  141  125  113  106  103   99   95   88   80   74   69   66   64   62   60   59
   59   60   61   61   60   58   56   55   55   55   56   57   59   61   65   68
   69   68   66   64   64   65   66   66   64
    42.5-180.0 180.0   5.0 450.0                            LAT/LON1/LON2/DLON/H
   71   71   76   87  103  120  135  145  151  154  155  157  161  167  174  181
  189  195  200  202  201  197  192  187  184  183  183  183  182  178  168  154
  137  122  112  108  107  105  101   94   87   81   76   72   69   66   65   65
   67   69   71   72   72   70   68   66   66   67   67   66   66   67   69   72
   74   73   70   68   69   71   72   72   71
    40.0-180.0 180.0   5.0 450.0                            LAT/LON1/LON2/DLON/H
   71   72   79   93  111  130  146  157  164  166  167  169  172  177  184  190
  198  204  209  212  212  208  204  199  195  192  188  185  181  175  165  152
  136  123  115  113  113  112  107  100   93   86   81   77   72   69   68   69
   71   73   76   77   77   75   73   72   72   73   72   70   68   68   70   73
   74   73   70   67   67   70   71   72   71
    37.5-180.0 180.0   5.0 450.0                            LAT/LON1/LON2/DLON/H
   65   68   77   92  112  133  151  163  172  176  178  181  184  188  194  199
  205  211  216  220  220  218  214  210  205  200  193  186  180  173  165  153
  141  131  126  125  125  122  116  107   99   93   88   82   77   73   70   71
   72   75   76   77   76   74   73   72   72   73   72   69   67   66   68   71
   72   70   66   62   62   64   65   66   65
    35.0-180.0 180.0   5.0 450.0                            LAT/LON1/LON2/DLON/H
   56   60   71   88  109  130  149  163  174  182  188  192  196  201  204  208
  212  216  221  225  226  224  221  218  213  207  198  189  181  175  170  163
  155  149  147  147  146  139  128  117  108  102   97   92   85   79   76   75
   75   76   75   74   72   70   68   67   68   68   68   65   63   62   65   69
   70   68   62   57   55   55   57   57   56
    32.5-180.0 180.0   5.0 450.0                            LAT/LON1/LON2/DLON/H
   48   53   64   82  104  124  143  159  174  186  196  203  209  214  217  218
  219  222  225  229  230  228  225  222  218  212  203  194  188  185  185  184
  182  181  181  181  176  164  147  131  121  115  112  106   98   91   86   85
   83   80   76   72   69   65   63   62   62   63   63   61   60   61   65   70
   72   68   61   53   50   49   49   48   48
    30.0-180.0 180.0   5.0 450.0                            LAT/LON1/LON2/DLON/H
   43   48   61   79  100  119  137  154  172  189  203  214  223  228  231  230
  228  228  230  231  231  228  225  224  222  218  211  205  202  205  212  218
  223  226  228  226  216  196  172  151  138  134  131  125  117  109  104  101
   97   91   83   76   70   65   62   60   60   61   61   61   61   64   70   76
   78   73   64   55   49   47   45   43   43
    27.5-180.0 180.0   5.0 450.0                            LAT/LON1/LON2/DLON/H
   44   50   63   81  100  118  134  153  173  193  211  226  236  243  245  243
  238  235  235  234  232  228  224  223  224  225  223  223  227  238  252  265
  275  281  284  279  262  234  201  175  160  156  154  148  139  131  126  123
  118  109   97   86   78   72   68   65   64   64   65   66   68   73   80   87
   88   83   74   63   55   51   47   44   44
    25.0-180.0 180.0   5.0 450.0                            LAT/LON1/LON2/DLON/H
   50   57   71   90  108  123  139  157  179  201  221  237  249  257  259  256
  250  244  241  238  233  227  223  224  229  235  242  250  262  281  302  321
  334  342  343  334  311  274  233  201  184  179  178  172  163  154  150  148
  143  132  117  104   93   86   81   77   75   74   75   78   82   88   95  101
  102   97   87   76   67   61   55   51   50
    22.5-180.0 180.0   5.0 450.0                            LAT/LON1/LON2/DLON/H
   61   68   84  103  121  136  151  169  191  213  233  249  261  269  272  268
  260  253  247  242  236  229  225  228  238  252  267  284  306  331  358  379
  394  401  399  386  356  312  264  227  207  202  200  193  183  175  172  172
  168  157  141  126  115  107  101   96   92   91   92   95   99  105  112  116
  117  112  102   92   82   74   67   62   61
    20.0-180.0 180.0   5.0 450.0                            LAT/LON1/LON2/DLON/H
   73   82   99  120  139  154  169  187  209  230  248  262  273  280  282  278
  269  261  254  248  241  234  232  239  253  274  298  324  353  384  412  433
  446  450  445  427  392  344  292  251  229  222  218  210  198  189  188  190
  189  181  166  151  139  131  123  117  112  110  111  113  118  123  127  129
  129  124  116  107   98   89   80   74   73
    17.5-180.0 180.0   5.0 450.0                            LAT/LON1/LON2/DLON/H
   85   95  113  136  157  175  192  211  231  250  265  276  284  290  291  286
  277  268  261  254  249  245  246  257  276  303  334  366  400  432  459  477
  485  485  476  455  418  368  314  272  248  238  231  220  205  196  196  202
  205  200  188  175  163  154  145  138  132  129  128  131  134  137  138  138
  136  132  126  119  111  102   92   85   85
    15.0-180.0 180.0   5.0 450.0                            LAT/LON1/LON2/DLON/H
   94  105  124  149  174  196  216  236  256  272  284  292  297  301  301  295
  285  276  269  264  261  261  268  283  307  337  371  407  441  471  493  505
  507  503  490  468  432  384  332  290  264  251  240  225  208  198  199  208
  215  215  207  195  183  173  163  154  147  143  142  144  146  146  145  141
  138  135  132  128  121  111  101   94   94
    12.5-180.0 180.0   5.0 450.0                            LAT/LON1/LON2/DLON/H
  101  112  132  159  187  213  237  260  280  296  305  311  314  315  313  306
  296  287  280  277  278  284  297  317  343  374  408  442  472  497  512  517
  514  506  492  471  438  394  347  306  279  263  249  230  210  199  201  213
  224  227  222  212  199  187  174  163  155  151  150  151  152  151  147  141
  137  135  134  132  127  118  108  101  101
    10.0-180.0 180.0   5.0 450.0                            LAT/LON1/LON2/DLON/H
  106  117  137  165  196  226  255  281  303  318  328  333  335  335  331  323
  312  303  297  296  301  314  332  356  383  411  440  469  493  510  518  517
  510  499  486  467  440  403  361  324  296  278  259  238  217  205  208  221
  234  240  237  226  212  196  180  166  157  153  152  153  154  153  147  140
  135  133  134  134  130  122  112  105  106
     7.5-180.0 180.0   5.0 450.0                            LAT/LON1/LON2/DLON/H
  111  122  142  170  203  236  269  299  323  339  350  357  361  361  356  346
  335  325  320  320  330  347  371  397  422  444  466  487  503  513  514  509
  501  491  479  464  443  413  377  343  316  295  275  252  231  220  224  238
  251  257  253  240  222  201  181  165  154  150  150  152  154  153  148  141
  135  133  135  136  133  125  115  109  111
     5.0-180.0 180.0   5.0 450.0                            LAT/LON1/LON2/DLON/H
  117  128  148  176  209  245  280  312  338  358  372  383  389  391  386  376
  365  355  350  351  362  384  410  436  456  471  485  496  505  509  507  502
  495  487  478  467  450  426  396  365  338  316  295  274  255  247  252  265
  276  279  271  254  231  205  181  162  150  146  147  151  155  156  152  145
  139  137  138  139  136  128  120  115  117
     2.5-180.0 180.0   5.0 450.0                            LAT/LON1/LON2/DLON/H
  126  138  157  184  216  252  289  323  350  372  391  407  418  422  419  410
  400  391  386  387  398  419  446  469  484  490  495  499  503  504  502  499
  495  491  485  476  463  443  417  388  361  339  319  301  287  282  288  300
  307  303  289  266  239  209  181  160  147  143  145  151  157  160  159  154
  147  144  144  144  140  133  126  122  126
