interface/IONEXdata/CODG0210.22I
     1.0            IONOSPHERE MAPS     GNSS                IONEX VERSION / TYPE
ADDNEQ2 V5.3        AIUB                04-FEB-22 12:23     PGM / RUN BY / DATE 
CODE'S GLOBAL IONOSPHERE MAPS FOR DAY 021, 2022             COMMENT             
Global ionosphere maps (GIM) are generated on a daily basis DESCRIPTION         
at CODE using data from about 300 GNSS sites of the IGS and DESCRIPTION         
other institutions. The vertical total electron content     DESCRIPTION         
(VTEC) is modeled in a solar-geomagnetic reference frame    DESCRIPTION         
using a spherical harmonics expansion up to degree and      DESCRIPTION         
order 15. Piece-wise linear functions are used for          DESCRIPTION         
representation in the time domain. The time spacing of      DESCRIPTION         
their vertices is 1 hour, conforming with the epochs of the DESCRIPTION         
VTEC maps.                                                  DESCRIPTION         
To convert line-of-sight TEC into vertical TEC, a modified  DESCRIPTION         
single-layer model mapping function approximating the JPL   DESCRIPTION         
extended slab model mapping function is adopted. The        DESCRIPTION         
mapping function is evaluated at geodetic satellite         DESCRIPTION         
elevation angles. For the computation of the ionospheric    DESCRIPTION         
pierce points, a spherical layer with a radius of 6821 km   DESCRIPTION         
is assumed, implying geocentric, not geodetic IONEX         DESCRIPTION         
latitudes.                                                  DESCRIPTION         
Instrumental biases with respect to each involved GNSS code DESCRIPTION         
observable are estimated as constant values for each        DESCRIPTION         
day. They are modeled with one set of bias parameters for   DESCRIPTION         
each satellite and each station in case of GPS and for each DESCRIPTION         
satellite-station link in case of GLONASS. The code bias    DESCRIPTION         
datum is defined by zero-mean conditions imposed on the     DESCRIPTION         
satellite bias estimates. In this file, just GPS C1W-C2W    DESCRIPTION         
satellite and station bias values are included. The         DESCRIPTION         
complete set of GNSS code bias results is provided in an    DESCRIPTION         
additional Bias-SINEX file as pseudo-absolute values        DESCRIPTION         
specific to each observable.                                DESCRIPTION         
Note: These GIM results correspond to the results for the   DESCRIPTION         
middle day of a 3-day combination analysis solving for 73   DESCRIPTION         
times 256, or 18688 VTEC parameters and 3 daily sets of     DESCRIPTION         
GNSS code bias parameters.                                  DESCRIPTION         
Contact address: code(at)aiub.unibe.ch                      DESCRIPTION         
Data archive:    ftp.aiub.unibe.ch/CODE/                    DESCRIPTION         
                 www.aiub.unibe.ch/download/CODE/           DESCRIPTION         
  2022     1    21     0     0     0                        EPOCH OF FIRST MAP  
  2022     1    22     0     0     0                        EPOCH OF LAST MAP   
  3600                                                      INTERVAL            
[...]
badg bake bako barh bjfs bndy bogo bogt bor1 braz brft brst COMMENT             
brux bshm cags cas1 ccj2 cedu chpg chpi chti chur ckis coco COMMENT             
cord cpvg cro1 daej darw dav1 dgar dhlg drao dubo ebre faa1 COMMENT             
fair flin flrs frdn ftna func ganp glps glsv gode godz gol2 COMMENT             
gold gope gras graz guug harb hers hert hlfx hnpt hob2 hofn COMMENT             
holb hrao hyde ieng iisc invk iqal isba joz2 joze karr kerg COMMENT             
kir0 kiru kit3 kokb kokv koug kour krgg laut lmmf lpal lpgs COMMENT             
m0se mac1 madr mal2 mana mas1 mat1 mate maw1 mcil mcm4 mdo1 COMMENT             
mdvj medi mets mgue mizu mkea mobj mobs monp morp mqzg mro1 COMMENT             
mtka nano nico nist nklg nlib nnor not1 nrc1 ntus nya1 nyal COMMENT             
ohi2 onsa opmt ous2 pado parc park pdel penc pie1 pimo pohn COMMENT             
pol2 polv pots pove prds ptbb qaq1 quin rabt ramo reun reyk COMMENT             
rgdg rio2 riop salu samo sant savo sch2 scor scrz sctb scub COMMENT             
seyg sofi spt0 sthl stjo stk2 str2 suth sutm suwn sydn syog COMMENT             
tabl tabv tash tehn thtg thti thu2 tid1 tidb tixg tlse tow2 COMMENT             
tro1 tsea tskb tuva twtf uclu ufpr ulab unb3 unbj unbn urum COMMENT             
usn7 usud vald vill voim wab2 wark wes2 wgtn whit will wind COMMENT             
wsrt wtza wtzl wtzr wtzs wtzz wuhn xmis yakt yar2 yar3 yarr COMMENT             
yell ykro yssk zamb zeck zim2 zim3 zimm                     COMMENT             
                                                            END OF HEADER       
[from data line 6006]
    15                                                      START OF TEC MAP    
  2022     1    21    14     0     0                        EPOCH OF CURRENT MAP
    87.5-180.0 180.0   5.0 450.0                            LAT/LON1/LON2/DLON/H
   59   58   58   58   57   57   56   56   55   54   54   53   53   52   51   51
   50   49   49   48   48   47   47   46   46   46   46   45   45   45   45   45
   46   46   46   46   46   47   47   48   48   49   49   50   50   51   52   52
   53   54   54   55   56   56   57   57   58   58   59   59   59   60   60   60
   60   60   60   60   60   60   59   59   59
    85.0-180.0 180.0   5.0 450.0                            LAT/LON1/LON2/DLON/H
   57   56   56   55   55   54   53   52   52   51   50   49   47   46   45   44
   43   41   40   39   38   37   37   36   36   36   35   35   35   36   36   36
   36   37   37   37   38   38   38   39   39   40   41   42   42   44   45   46
   47   48   50   51   52   54   55   56   57   58   58   59   59   59   59   59
   59   59   59   58   58   58   57   57   57
    82.5-180.0 180.0   5.0 450.0                            LAT/LON1/LON2/DLON/H
   48   48   48   48   47   47   47   46   45   45   44   42   41   40   38   36
   35   33   31   30   29   28   27   27   27   27   28   28   29   30   30   31
   31   32   32   32   32   32   32   32   31   32   32   32   33   34   36   37
   39   41   43   45   47   48   50   51   52   53   54   54   54   53   53   53
   52   51   51   50   50   50   49   49   48
    80.0-180.0 180.0   5.0 450.0                            LAT/LON1/LON2/DLON/H
   37   37   37   37   37   38   38   38   38   38   37   37   35   34   32   30
   28   26   24   23   22   21   21   22   22   24   25   27   28   30   31   32
   33   33   33   33   32   31   29   28   27   26   25   25   25   25   26   28
   30   32   35   37   40   42   44   45   46   47   46   46   45   44   43   42
   41   40   39   38   38   37   37   37   37
    77.5-180.0 180.0   5.0 450.0                            LAT/LON1/LON2/DLON/H
   26   26   26   27   27   28   29   30   31   32   32   32   31   30   28   26
   24   22   20   19   18   19   20   21   24   26   29   32   35   37   39   41
   42   42   41   40   38   35   33   30   27   24   22   20   19   19   20   21
   23   25   28   31   34   36   38   40   40   40   39   37   35   33   31   29
   28   27   26   26   25   26   26   26   26
    75.0-180.0 180.0   5.0 450.0                            LAT/LON1/LON2/DLON/H
   19   19   19   19   19   20   22   23   25   27   29   30   30   29   27   25
   23   21   19   19   19   21   24   27   31   35   40   43   47   50   52   54
   54   54   53   51   48   44   40   36   31   27   23   20   18   17   17   17
   19   21   24   27   30   32   34   35   35   34   32   30   27   24   21   18
   17   16   16   16   17   18   18   19   19
    72.5-180.0 180.0   5.0 450.0                            LAT/LON1/LON2/DLON/H
   18   17   16   15   15   15   16   18   21   24   26   28   29   29   27   25
   23   22   21   22   24   27   32   37   43   49   54   58   61   64   66   67
   67   66   64   62   58   54   49   44   38   34   29   25   22   20   18   18
   19   20   22   24   27   29   31   32   32   30   28   24   20   17   13   11
   10   10   11   12   14   16   17   18   18
    70.0-180.0 180.0   5.0 450.0                            LAT/LON1/LON2/DLON/H
   22   20   18   15   13   13   13   15   18   22   25   28   29   29   27   26
   24   23   24   26   30   36   43   50   57   63   68   72   74   76   77   77
   76   75   73   70   66   61   57   52   46   42   37   33   29   26   24   22
   21   21   22   23   25   27   28   29   29   27   25   21   17   13   10    8
    7    8   11   14   17   20   22   23   22
    67.5-180.0 180.0   5.0 450.0                            LAT/LON1/LON2/DLON/H
   29   26   22   18   15   13   12   14   16   20   24   26   28   28   26   25
   24   24   26   30   37   45   54   63   70   76   80   82   83   83   82   81
   79   78   75   73   69   65   61   57   53   49   46   42   39   35   32   28
   25   23   22   21   22   23   24   25   26   25   23   20   16   13   10    8
    9   11   15   19   24   28   30   31   29
    65.0-180.0 180.0   5.0 450.0                            LAT/LON1/LON2/DLON/H
   37   33   27   22   17   14   12   13   15   18   22   24   25   25   24   22
   22   23   27   34   43   53   63   73   80   84   87   87   86   84   82   80
   78   76   74   72   69   66   63   60   58   56   54   51   48   44   40   34
   29   24   20   18   17   17   18   20   21   21   21   19   17   15   13   12
   13   16   20   26   31   36   38   39   37
    62.5-180.0 180.0   5.0 450.0                            LAT/LON1/LON2/DLON/H
   41   36   31   25   20   16   14   13   15   17   20   21   22   21   20   19
   19   22   28   36   47   59   70   79   85   88   89   87   85   82   79   77
   75   73   71   69   67   65   63   61   60   60   59   58   56   52   46   39
   32   24   18   13   10    9   10   13   15   17   19   19   19   18   17   17
   18   21   25   30   36   40   43   43   41
    60.0-180.0 180.0   5.0 450.0                            LAT/LON1/LON2/DLON/H
   40   36   32   27   22   18   16   15   15   17   18   19   18   17   16   15
   17   21   28   39   50   62   73   81   86   88   87   85   82   80   77   76
   74   73   71   69   67   65   63   62   62   63   63   63   61   57   51   42
   33   23   15    8    4    2    3    6    9   13   17   19   21   21   21   21
   22   24   28   32   37   40   42   42   40
    57.5-180.0 180.0   5.0 450.0                            LAT/LON1/LON2/DLON/H
   36   33   30   27   24   21   19   18   17   18   18   18   16   14   13   13
   16   22   31   42   54   65   74   81   84   85   85   84   82   81   81   81
   80   79   77   74   71   69   66   65   65   66   66   66   64   60   53   44
   34   23   14    6    1    0    0    2    6   11   16   20   23   25   26   26
   26   27   28   31   34   37   38   38   36
    55.0-180.0 180.0   5.0 450.0                            LAT/LON1/LON2/DLON/H
   31   29   28   28   27   25   24   22   21   21   20   19   17   14   13   14
   19   26   36   47   58   67   74   79   82   83   84   86   87   89   91   92
   92   90   88   84   81   77   74   72   71   70   70   69   66   61   54   45
   35   25   16    9    4    1    1    4    7   12   17   22   26   28   30   30
   29   28   29   30   31   33   33   32   31
    52.5-180.0 180.0   5.0 450.0                            LAT/LON1/LON2/DLON/H
   28   27   28   30   31   31   30   29   27   26   25   23   20   18   17   19
   25   33   44   54   63   70   75   79   81   84   87   92   98  103  107  108
  108  106  102   98   93   89   85   82   80   77   75   72   68   62   55   47
   39   31   24   18   14   11   11   12   14   18   22   26   30   32   34   34
   32   31   30   29   30   30   30   29   28
    50.0-180.0 180.0   5.0 450.0                            LAT/LON1/LON2/DLON/H
   29   29   31   35   37   39   38   36   35   34   33   30   27   24   23   26
   33   43   53   63   70   75   78   80   83   88   95  104  113  120  124  125
  123  120  115  111  106  102   99   95   91   87   82   77   71   64   58   52
   46   41   36   33   30   28   27   27   27   28   30   32   34   36   38   37
   36   34   33   32   33   33   32   30   29
    47.5-180.0 180.0   5.0 450.0                            LAT/LON1/LON2/DLON/H
   35   35   38   42   46   47   46   44   43   43   42   39   35   32   31   35
   43   53   64   72   78   81   83   85   88   95  105  116  127  135  137  136
  132  127  123  119  116  114  111  108  103   98   91   83   76   69   63   58
   55   52   51   50   49   48   46   45   43   42   41   40   40   41   42   41
   40   39   38   39   40   40   39   37   35
    45.0-180.0 180.0   5.0 450.0                            LAT/LON1/LON2/DLON/H
   44   44   46   51   55   56   54   52   50   51   51   49   45   40   39   43
   52   63   73   81   86   89   90   92   97  104  115  128  138  143  143  138
  132  127  124  122  122  121  121  119  115  108  100   91   82   75   69   66
   64   65   66   67   67   66   65   62   59   56   52   49   46   45   45   45
   45   44   45   47   50   51   51   48   44
    42.5-180.0 180.0   5.0 450.0                            LAT/LON1/LON2/DLON/H
   54   52   54   59   62   63   60   57   56   57   59   57   53   48   46   51
   60   71   81   89   94   97   99  102  106  114  124  135  142  143  139  131
  124  120  119  121  124  126  128  127  124  118  109   99   90   82   77   74
   73   75   78   80   81   80   78   76   72   68   62   57   52   50   49   48
   49   49   52   56   60   63   62   59   54
    40.0-180.0 180.0   5.0 450.0                            LAT/LON1/LON2/DLON/H
   61   58   60   64   67   67   64   60   59   61   64   64   59   54   53   57
   67   78   88   95  101  105  109  112  115  121  129  137  140  136  128  119
  113  112  116  121  126  131  133  134  132  126  117  108   98   91   85   82
   81   83   85   87   88   87   85   82   80   76   70   63   57   53   51   51
   52   53   57   62   68   71   71   67   61
    37.5-180.0 180.0   5.0 450.0                            LAT/LON1/LON2/DLON/H
   64   60   61   65   69   68   64   60   59   62   66   67   64   59   58   63
   72   83   93  101  108  114  119  122  124  127  131  135  133  126  116  108
  107  113  122  130  136  139  141  141  139  134  126  117  108  101   95   91
   88   88   88   89   89   87   84   82   81   79   74   68   61   56   54   53
   54   56   59   65   71   74   74   70   64
    35.0-180.0 180.0   5.0 450.0                            LAT/LON1/LON2/DLON/H
   61   57   58   63   67   66   62   57   56   60   65   67   66   62   62   68
   78   89   98  106  114  122  129  131  131  130  131  131  128  120  112  110
  116  130  145  154  157  156  154  151  148  143  136  128  120  113  107  101
   96   92   91   89   87   83   80   78   78   78   76   71   64   59   56   55
   56   57   60   64   69   72   72   67   61
    32.5-180.0 180.0   5.0 450.0                            LAT/LON1/LON2/DLON/H
   55   52   53   58   62   62   58   53   52   56   62   66   66   65   67   74
   85   96  104  112  121  131  138  139  136  133  132  131  129  124  122  128
  146  169  187  195  192  183  174  167  162  157  150  143  136  129  122  115
  106  100   96   92   88   82   77   74   74   76   76   73   68   63   59   58
   58   58   59   61   65   66   65   61   55
    30.0-180.0 180.0   5.0 450.0                            LAT/LON1/LON2/DLON/H
   50   47   48   53   57   57   54   49   47   50   57   62   65   67   72   81
   93  103  111  119  129  140  146  146  141  137  136  138  140  142  149  168
  196  227  248  252  240  221  202  190  182  175  169  162  155  150  142  133
  123  113  107  102   97   89   80   75   74   77   78   77   72   67   64   62
   61   60   59   59   60   60   59   55   50
    27.5-180.0 180.0   5.0 450.0                            LAT/LON1/LON2/DLON/H
   48   46   46   49   53   53   50   46   43   46   52   58   63   68   77   89
  101  111  119  127  137  147  154  153  147  144  147  155  164  176  193  223
  262  299  319  316  293  263  236  218  208  200  193  186  180  175  168  158
  145  134  127  122  116  106   94   85   82   83   84   83   79   74   70   67
   65   63   60   59   57   56   55   52   48
    25.0-180.0 180.0   5.0 450.0                            LAT/LON1/LON2/DLON/H
   52   50   48   49   51   51   48   44   41   42   47   54   61   70   81   95
  109  119  127  134  144  154  160  159  155  155  164  180  199  220  247  286
  332  371  388  377  344  304  271  250  238  229  222  215  209  204  198  188
  175  163  155  150  144  133  118  105   97   95   94   92   87   82   77   73
   70   67   64   61   59   57   56   54   52
    22.5-180.0 180.0   5.0 450.0                            LAT/LON1/LON2/DLON/H
   61   58   55   53   52   51   49   45   42   42   45   52   60   70   84  100
  115  126  133  140  150  160  166  166  165  171  188  213  240  268  301  344
  392  429  441  423  383  338  302  281  269  262  254  246  241  236  231  221
  207  195  187  183  178  167  150  133  120  113  109  104   98   91   85   80
   75   72   69   66   64   63   63   62   61
    20.0-180.0 180.0   5.0 450.0                            LAT/LON1/LON2/DLON/H
   73   70   64   58   54   52   51   48   45   43   45   50   59   71   86  103
  119  131  139  146  155  164  171  174  178  191  216  248  281  312  346  387
  431  464  470  446  404  360  327  308  300  294  286  278  272  268  263  254
  240  227  219  215  211  201  183  164  147  136  127  119  111  102   94   86
   80   76   74   73   72   72   73   74   73
    17.5-180.0 180.0   5.0 450.0                            LAT/LON1/LON2/DLON/H
   85   81   73   64   58   55   54   52   49   47   46   50   59   71   87  104
  121  135  143  151  159  168  177  184  195  215  246  282  315  344  373  408
  444  469  470  446  407  369  343  331  327  323  317  308  302  298  293  284
  270  255  245  241  237  228  212  192  173  158  146  135  124  113  103   93
   84   79   78   79   81   82   83   85   85
    15.0-180.0 180.0   5.0 450.0                            LAT/LON1/LON2/DLON/H
   92   88   79   69   61   57   57   56   54   51   49   52   59   72   88  106
  123  138  148  155  163  173  184  196  213  239  273  309  339  361  381  406
  432  449  447  426  396  369  354  350  350  349  343  334  327  322  317  308
  292  275  262  256  253  245  231  213  194  178  164  150  137  125  112   99
   88   82   81   84   87   89   91   93   92
    12.5-180.0 180.0   5.0 450.0                            LAT/LON1/LON2/DLON/H
   94   89   80   70   61   58   58   60   58   55   52   54   61   73   90  108
  127  142  154  161  169  179  193  210  233  262  297  328  351  363  373  386
  402  414  412  399  380  367  363  366  370  370  365  355  346  340  335  324
  307  287  270  260  255  249  238  224  208  193  178  164  150  136  122  106
   92   84   83   87   91   94   95   95   94
    10.0-180.0 180.0   5.0 450.0                            LAT/LON1/LON2/DLON/H
   89   84   77   67   60   57   59   61   60   57   54   55   63   76   93  113
  132  149  162  170  177  188  205  227  254  284  315  339  352  355  355  359
  368  376  378  375  370  370  375  382  388  389  383  372  362  354  346  335
  316  292  271  257  249  243  235  225  214  202  189  175  162  148  132  114
   98   88   86   90   94   95   94   92   89
     7.5-180.0 180.0   5.0 450.0                            LAT/LON1/LON2/DLON/H
   80   76   70   63   57   55   57   60   60   57   54   56   66   81   99  120
  141  159  172  180  188  200  219  245  274  302  327  343  347  342  336  335
  341  350  358  364  372  382  393  402  406  405  398  386  374  363  354  341
  320  294  269  250  239  232  226  221  214  206  196  184  172  160  144  125
  107   94   91   93   96   95   90   85   80
     5.0-180.0 180.0   5.0 450.0                            LAT/LON1/LON2/DLON/H
   72   67   63   58   55   53   55   57   57   54   53   57   68   86  107  129
  151  171  185  193  201  214  236  263  292  316  334  342  340  331  324  323
  330  343  357  373  389  405  417  424  425  421  412  399  384  371  360  346
  324  297  269  246  231  223  217  214  211  207  200  191  181  170  156  137
  118  105   99   99  100   96   88   79   72
     2.5-180.0 180.0   5.0 450.0                            LAT/LON1/LON2/DLON/H
   68   62   59   57   54   53   53   53   53   50   50   56   70   91  115  139
  162  183  197  207  215  229  252  280  306  326  336  339  334  327  323  326
  338  356  377  398  419  436  445  447  443  436  426  412  395  380  366  351
  330  303  274  249  231  219  212  209  208  206  201  195  188  180  167  150
  132  118  112  109  106  100   89   77   68
