interface/IONEXdata/CODG3050.22I
     1.0            IONOSPHERE MAPS     GNSS                IONEX VERSION / TYPE
ADDNEQ2 V5.5        AIUB                05-NOV-22 23:16     PGM / RUN BY / DATE 
CODE'S GLOBAL IONOSPHERE MAPS FOR DAY 305, 2022             COMMENT             
Global ionosphere maps (GIM) are generated on a daily basis DESCRIPTION         
at CODE using data from about 300 GNSS sites of the IGS and DESCRIPTION         
other institutions. The vertical total electron content     DESCRIPTION         
(VTEC) is modeled in a solar-geomagnetic reference frame    DESCRIPTION         
using a spherical harmonics expansion up to degree and      DESCRIPTION         
order 15. Piece-wise linear functions are used for          DESCRIPTION         
representation in the time domain. The time spacing of      DESCRIPTION         
their vertices is 1 hour, conforming with the epochs of the DESCRIPTION         
VTEC maps.                                                  DESCRIPTION         
To convert line-of-sight TEC into vertical TEC, a modified  DESCRIPTION         
single-layer model mapping function approximating the JPL   DESCRIPTION         
extended slab model mapping function is adopted. The        DESCRIPTION         
mapping function is evaluated at geodetic satellite         DESCRIPTION         
elevation angles. For the computation of the ionospheric    DESCRIPTION         
pierce points, a spherical layer with a radius of 6821 km   DESCRIPTION         
is assumed, implying geocentric, not geodetic IONEX         DESCRIPTION         
latitudes.                                                  DESCRIPTION         
Instrumental biases with respect to each involved GNSS code DESCRIPTION         
observable are estimated as constant values for each        DESCRIPTION         
day. They are modeled with one set of bias parameters for   DESCRIPTION         
each satellite and each station in case of GPS and for each DESCRIPTION         
satellite-station link in case of GLONASS. The code bias    DESCRIPTION         
datum is defined by zero-mean conditions imposed on the     DESCRIPTION         
satellite bias estimates. In this file, just GPS C1W-C2W    DESCRIPTION         
satellite and station bias values are included. The         DESCRIPTION         
complete set of GNSS code bias results is provided in an    DESCRIPTION         
additional Bias-SINEX file as pseudo-absolute values        DESCRIPTION         
specific to each observable.                                DESCRIPTION         
Note: These GIM results correspond to the results for the   DESCRIPTION         
middle day of a 3-day combination analysis solving for 73   DESCRIPTION         
times 256, or 18688 VTEC parameters and 3 daily sets of     DESCRIPTION         
GNSS code bias parameters.                                  DESCRIPTION         
Contact address: code(at)aiub.unibe.ch                      DESCRIPTION         
Data archive:    ftp.aiub.unibe.ch/CODE/                    DESCRIPTION         
                 www.aiub.unibe.ch/download/CODE/           DESCRIPTION         
  2022    11     1     0     0     0                        EPOCH OF FIRST MAP  
  2022    11     2     0     0     0                        EPOCH OF LAST MAP   
  3600                                                      INTERVAL            
[...]
bake bako barh bndy boav bogo bogt bor1 braz brst brux bshm COMMENT             
cags cas1 ccj2 cedu chpg chpi chti chur ckis cnmr coco cord COMMENT             
cpvg cpxf crar cro1 daej darw dgar dhlg drao dubo ebre faa1 COMMENT             
fair flrs frdn ftna func ganp glps gode godz gol2 gold gope COMMENT             
gras graz guam guug harb hers hert hlfx hnlc hob2 hofn holb COMMENT             
hrao hyde iddr ieng iisc ineg invk iqal irkj isba joz2 joze COMMENT             
karr kerg kir0 kiru kit3 kokb kokv koug kour krgg laut lmmf COMMENT             
lpal lpgs m0se mac1 madr mal2 mana mas1 mat1 mate maw1 mcm4 COMMENT             
mdo1 mdvj medi mets mgue mizu mkea mnls mobs monp morp mqzg COMMENT             
mro1 mtka nano nico nist nklg nlib nnor not1 nrc1 ntus nya1 COMMENT             
nyal ohi2 onsa ous2 pado park pdel penc pert pie1 pimo pol2 COMMENT             
polv pots pove prds ptbb qaq1 quin rabt ramo reun reyk rgdg COMMENT             
rio2 riop roth salu samo sant savo sch2 scor scrz sctb scub COMMENT             
seyg smst sofi spt0 ssia sthl stjo stk2 suth sutm suwn syog COMMENT             
tabl tabv tash thtg thti thu2 tid1 tidb tlse tn22 tong tro1 COMMENT             
tsea tskb twtf txes uclu ufpr ulab unb3 unbj unsa urum usn7 COMMENT             
usud vald vill voim vtsp wab1 wab2 wark wgtn whit will wind COMMENT             
wsrt wtza wtzl wtzr wtzs wtzz wuhn xmis yar2 yarr yell zamb COMMENT             
zeck zim2 zim3 zimm                                         COMMENT             
                                                            END OF HEADER       
[from data line 6006]
    15                                                      START OF TEC MAP    
  2022    11     1    14     0     0                        EPOCH OF CURRENT MAP
    87.5-180.0 180.0   5.0 450.0                            LAT/LON1/LON2/DLON/H
  111  113  114  116  118  120  122  124  126  128  129  131  133  135  136  137
  139  140  141  141  142  142  142  142  142  141  141  140  139  138  136  135
  133  132  130  128  127  125  123  121  120  118  116  115  114  112  111  110
  109  108  107  107  106  106  105  105  104  104  104  103  103  103  103  104
  104  104  105  106  106  107  109  110  111
    85.0-180.0 180.0   5.0 450.0                            LAT/LON1/LON2/DLON/H
   87   90   93   96  100  104  108  112  116  120  124  127  131  134  137  140
  143  145  147  148  149  150  151  151  150  150  149  147  145  143  140  137
  134  130  127  123  119  115  112  108  105  102  100   98   96   94   93   92
   91   91   90   90   90   89   89   88   87   87   86   85   84   83   82   81
   80   80   80   80   81   82   83   85   87
    82.5-180.0 180.0   5.0 450.0                            LAT/LON1/LON2/DLON/H
   58   62   66   70   75   81   86   92   98  104  109  114  119  124  128  132
  135  138  141  143  145  147  148  149  150  150  149  148  146  143  140  136
  131  126  120  115  109  103   97   92   88   84   81   79   77   77   76   77
   77   78   79   80   81   82   82   81   80   79   77   75   72   69   66   63
   60   58   56   54   53   53   54   56   58
    80.0-180.0 180.0   5.0 450.0                            LAT/LON1/LON2/DLON/H
   32   35   40   45   51   57   64   71   78   84   90   96  102  106  111  115
  119  122  126  129  132  135  138  140  143  144  146  146  145  143  140  136
  131  125  117  110  102   94   86   80   74   70   67   65   64   65   67   69
   72   75   78   81   84   85   86   86   85   83   80   76   71   66   60   54
   49   43   38   34   31   30   29   30   32
    77.5-180.0 180.0   5.0 450.0                            LAT/LON1/LON2/DLON/H
   15   18   22   27   34   40   47   54   61   67   73   78   83   88   92   96
   99  103  107  111  115  120  125  130  135  140  144  147  148  149  147  144
  139  132  123  114  104   94   85   76   70   65   62   61   61   64   67   72
   77   82   87   91   95   98   99   99   98   96   92   87   81   73   65   57
   48   40   32   25   20   16   14   14   15
    75.0-180.0 180.0   5.0 450.0                            LAT/LON1/LON2/DLON/H
   12   14   17   22   27   33   39   45   51   56   60   65   68   72   75   79
   82   86   91   96  102  109  116  124  132  140  148  154  159  162  163  161
  156  149  140  129  117  105   94   84   77   71   68   67   69   72   77   82
   88   94   99  104  108  112  113  114  113  111  107  102   95   87   78   68
   57   47   38   29   22   16   13   11   12
    72.5-180.0 180.0   5.0 450.0                            LAT/LON1/LON2/DLON/H
   21   22   24   27   32   36   40   45   48   52   55   57   60   62   65   68
   72   76   82   89   97  106  116  127  139  150  161  171  179  184  187  187
  183  176  166  154  141  127  114  103   94   88   84   83   84   87   91   96
  101  106  110  114  117  119  121  122  121  120  117  113  108  101   92   83
   73   62   52   43   35   28   24   21   21
    70.0-180.0 180.0   5.0 450.0                            LAT/LON1/LON2/DLON/H
   38   38   39   41   44   46   49   51   52   53   54   55   56   58   61   64
   69   75   83   92  102  114  127  141  155  168  182  194  204  211  216  217
  214  208  198  185  171  156  142  129  119  111  106  104  103  104  106  108
  109  111  112  113  114  114  115  116  117  117  116  115  112  108  102   95
   87   79   70   61   54   47   42   39   38
    67.5-180.0 180.0   5.0 450.0                            LAT/LON1/LON2/DLON/H
   56   55   55   56   57   58   58   58   58   57   56   56   57   58   61   66
   72   81   91  103  116  131  146  162  177  193  207  220  231  239  245  247
  245  239  230  217  202  186  171  157  146  136  129  124  121  118  115  113
  110  106  103  100   98   96   96   97   98  100  102  104  105  104  102   99
   95   89   83   77   71   65   61   58   56
    65.0-180.0 180.0   5.0 450.0                            LAT/LON1/LON2/DLON/H
   69   67   67   66   66   66   65   64   62   60   58   57   57   59   63   69
   78   89  102  118  134  151  169  186  202  217  231  243  254  262  268  271
  270  265  257  244  230  214  199  184  171  160  150  141  134  126  118  110
  102   93   86   79   73   70   68   69   71   74   78   83   86   90   92   93
   92   91   88   85   81   77   74   71   69
    62.5-180.0 180.0   5.0 450.0                            LAT/LON1/LON2/DLON/H
   72   70   69   68   67   66   65   63   61   58   56   54   55   57   62   71
   82   97  113  131  150  170  189  207  223  237  249  260  269  277  284  287
  288  284  277  266  252  237  222  207  192  179  166  153  141  128  115  102
   89   77   66   56   49   43   41   41   43   47   52   57   63   68   73   77
   80   82   83   82   81   79   77   74   72
    60.0-180.0 180.0   5.0 450.0                            LAT/LON1/LON2/DLON/H
   67   65   63   62   61   60   59   57   55   53   51   50   50   53   60   70
   84  101  121  141  162  183  202  220  235  248  259  268  276  284  290  295
  297  296  290  281  269  255  240  225  209  194  178  161  145  128  110   94
   79   64   52   41   33   27   24   23   24   27   32   37   42   47   53   58
   63   67   70   71   72   72   70   69   67
    57.5-180.0 180.0   5.0 450.0                            LAT/LON1/LON2/DLON/H
   56   54   52   50   49   49   49   49   48   47   45   44   44   48   56   68
   84  103  124  146  167  188  208  225  239  251  260  268  276  283  291  297
  301  301  298  291  281  269  255  240  224  206  188  168  149  129  109   92
   76   62   51   41   33   27   23   22   22   23   26   28   31   34   38   42
   46   50   54   57   59   60   60   58   56
    55.0-180.0 180.0   5.0 450.0                            LAT/LON1/LON2/DLON/H
   47   44   42   40   39   39   40   41   42   42   41   40   40   44   52   66
   84  104  126  147  168  188  207  223  237  247  256  264  271  279  288  296
  302  304  302  297  290  279  267  253  237  218  198  177  156  135  115   98
   84   73   64   56   49   44   40   38   37   36   36   35   34   33   33   34
   36   39   42   45   48   49   50   49   47
    52.5-180.0 180.0   5.0 450.0                            LAT/LON1/LON2/DLON/H
   44   42   39   37   36   36   38   40   41   42   41   40   40   43   52   67
   86  107  128  149  168  187  203  218  231  242  250  258  266  275  285  294
  302  305  305  302  296  288  278  265  249  230  210  189  168  148  129  114
  102   93   87   81   76   72   68   65   63   62   59   56   51   46   42   40
   38   38   39   41   44   46   47   46   44
    50.0-180.0 180.0   5.0 450.0                            LAT/LON1/LON2/DLON/H
   51   49   46   44   42   42   43   46   48   49   48   46   45   48   58   73
   93  114  135  154  171  187  202  216  228  239  247  255  263  273  283  293
  302  306  307  305  301  295  287  276  261  243  223  203  184  165  148  134
  123  117  112  108  104   99   96   93   92   90   87   82   76   68   62   56
   51   48   47   47   49   51   53   53   51
    47.5-180.0 180.0   5.0 450.0                            LAT/LON1/LON2/DLON/H
   67   65   62   60   58   57   57   59   61   62   60   57   55   58   68   85
  105  126  146  163  178  192  206  220  232  242  250  257  264  272  282  292
  301  306  308  307  304  301  296  286  272  255  236  218  200  183  167  153
  142  135  130  127  122  117  114  112  112  112  110  106  100   93   86   79
   72   66   62   61   62   64   67   68   67
    45.0-180.0 180.0   5.0 450.0                            LAT/LON1/LON2/DLON/H
   86   85   83   81   78   77   76   76   78   78   75   71   69   72   82   99
  120  141  159  175  189  203  217  230  242  252  258  263  267  272  280  290
  299  305  308  308  308  307  304  296  282  265  248  231  216  199  182  165
  152  143  137  132  126  120  116  115  117  120  121  120  117  112  106  101
   94   87   81   78   78   81   84   86   86
    42.5-180.0 180.0   5.0 450.0                            LAT/LON1/LON2/DLON/H
  102  102  101  100   98   96   94   93   93   93   90   86   83   87   98  116
  137  157  174  189  204  218  232  246  258  266  270  270  270  271  277  287
  297  305  309  312  315  316  315  307  292  275  258  243  228  211  191  170
  152  140  131  125  118  112  107  106  109  114  118  120  120  120  118  116
  111  104   97   93   92   94   98  101  102
    40.0-180.0 180.0   5.0 450.0                            LAT/LON1/LON2/DLON/H
  110  111  112  112  111  109  106  105  105  104  102   98   96  101  113  132
  152  171  187  203  218  234  250  264  275  281  281  277  271  268  273  284
  297  309  317  323  328  332  332  323  306  286  268  253  239  220  197  172
  149  134  124  117  110  102   97   95   97  101  105  109  112  116  119  120
  119  113  106  101   99  101  105  108  110
    37.5-180.0 180.0   5.0 450.0                            LAT/LON1/LON2/DLON/H
  107  108  110  113  114  113  110  109  109  109  108  106  107  114  128  146
  165  182  198  214  231  249  265  279  288  292  289  281  271  265  270  285
  305  324  337  347  354  360  359  347  327  303  283  267  253  233  207  178
  153  136  127  121  115  107  100   94   92   92   93   95   99  105  111  116
  117  113  107  100   98   99  102  105  107
    35.0-180.0 180.0   5.0 450.0                            LAT/LON1/LON2/DLON/H
   94   95   98  102  106  106  105  104  106  108  109  110  114  125  141  159
  177  192  206  223  242  261  277  288  295  297  293  282  270  266  275  298
  327  354  374  387  397  402  399  384  359  330  307  291  276  257  230  200
  175  161  155  153  149  141  130  119  109  100   93   90   90   95  102  108
  111  108  101   94   90   90   92   93   94
    32.5-180.0 180.0   5.0 450.0                            LAT/LON1/LON2/DLON/H
   76   76   79   85   90   93   93   94   97  101  105  111  120  135  154  173
  188  201  214  231  251  269  283  291  295  295  292  283  275  276  293  327
  369  405  431  447  456  460  454  434  403  371  345  329  315  297  272  245
  225  216  216  218  216  208  194  176  155  134  115  102   95   95   99  104
  106  103   96   88   82   79   79   78   76
    30.0-180.0 180.0   5.0 450.0                            LAT/LON1/LON2/DLON/H
   62   59   61   67   73   77   79   81   86   93  100  109  124  145  168  188
  202  212  225  242  260  276  284  287  288  290  291  289  290  301  330  377
  431  477  507  522  529  530  519  495  460  425  399  383  372  358  337  316
  303  300  306  313  313  305  286  260  228  193  161  136  120  113  111  111
  111  106   98   87   79   73   70   66   62
    27.5-180.0 180.0   5.0 450.0                            LAT/LON1/LON2/DLON/H
   56   50   49   53   59   63   66   70   76   84   94  107  128  154  181  203
  217  227  239  255  272  282  283  280  279  284  294  305  319  344  387  447
  511  563  594  606  608  604  589  562  525  490  465  452  444  435  421  408
  402  405  414  421  422  412  391  358  316  269  226  191  167  151  141  135
  129  122  111   99   87   78   72   64   56
    25.0-180.0 180.0   5.0 450.0                            LAT/LON1/LON2/DLON/H
   64   54   49   50   53   56   59   63   69   78   89  105  130  162  193  217
  232  243  256  272  285  289  284  275  274  286  308  334  364  404  461  531
  601  654  681  688  683  672  654  626  591  559  538  529  525  521  513  507
  506  510  517  521  518  506  484  448  401  348  298  258  228  206  188  174
  162  151  139  124  109   96   86   75   64
    22.5-180.0 180.0   5.0 450.0                            LAT/LON1/LON2/DLON/H
   83   69   60   56   56   56   57   61   67   75   85  103  131  167  202  229
  246  260  275  290  301  299  287  276  278  299  335  378  425  478  544  619
  688  737  757  755  742  727  706  680  650  624  610  605  605  604  600  597
  596  595  593  586  577  564  543  511  466  414  364  325  295  269  245  224
  206  193  178  161  142  126  112   99   83
    20.0-180.0 180.0   5.0 450.0                            LAT/LON1/LON2/DLON/H
  112   94   80   71   66   62   61   63   68   74   84  102  131  169  206  235
  256  274  292  308  316  310  296  286  294  326  377  435  494  557  626  698
  761  800  810  799  780  760  740  718  696  680  673  672  673  672  669  664
  656  643  623  602  583  570  556  533  497  453  412  380  355  330  303  276
  255  240  224  204  183  163  146  130  112
    17.5-180.0 180.0   5.0 450.0                            LAT/LON1/LON2/DLON/H
  142  122  104   90   79   71   67   68   72   76   84  100  130  167  205  236
  261  283  305  323  329  323  311  307  325  368  430  499  566  630  696  759
  809  836  835  817  794  773  755  739  727  721  722  724  723  719  711  699
  679  646  605  564  537  525  520  512  491  462  435  415  399  379  351  323
  301  284  269  249  225  202  182  163  142
    15.0-180.0 180.0   5.0 450.0                            LAT/LON1/LON2/DLON/H
  170  147  126  108   93   81   75   74   77   80   86  101  129  166  203  234
  262  289  314  334  341  337  332  339  368  422  491  563  630  690  745  794
  829  842  833  811  787  768  754  746  744  748  755  757  752  740  725  703
  666  611  546  487  451  443  452  460  457  445  435  429  424  409  384  356
  334  320  306  286  260  235  212  192  170
    12.5-180.0 180.0   5.0 450.0                            LAT/LON1/LON2/DLON/H
  190  167  144  123  104   90   81   80   83   86   91  105  132  166  201  233
  263  293  322  342  350  352  358  378  420  481  552  620  680  728  769  802
  822  825  812  791  771  755  747  745  752  764  774  774  762  742  717  684
  630  555  469  395  355  353  375  399  412  416  420  427  431  421  399  372
  353  342  331  312  286  259  235  213  190
    10.0-180.0 180.0   5.0 450.0                            LAT/LON1/LON2/DLON/H
  203  180  157  135  114   97   88   86   90   93   99  114  140  172  205  235
  267  300  330  350  361  369  388  423  475  539  605  664  710  745  770  789
  797  795  783  767  754  744  740  744  757  775  786  781  761  732  700  657
  592  501  401  319  279  284  316  352  376  390  403  417  425  418  397  372
  356  349  342  326  301  274  249  226  203
     7.5-180.0 180.0   5.0 450.0                            LAT/LON1/LON2/DLON/H
  211  188  166  144  122  104   94   93   98  103  111  128  154  185  216  246
  278  313  344  363  375  390  420  469  528  589  645  689  721  742  755  762
  765  763  757  751  745  742  741  748  765  784  793  783  756  723  687  640
  569  471  366  284  248  259  297  336  363  380  394  408  415  406  384  361
  348  345  341  328  306  280  256  234  211
     5.0-180.0 180.0   5.0 450.0                            LAT/LON1/LON2/DLON/H
  216  195  175  154  132  113  103  102  107  115  126  145  173  204  234  263
  297  333  363  382  394  414  454  511  573  627  668  697  715  725  731  734
  738  741  744  748  751  751  753  760  777  796  802  787  756  720  686  642
  573  478  377  302  272  287  323  358  379  390  399  407  407  393  367  344
  333  333  333  323  304  281  259  238  216
     2.5-180.0 180.0   5.0 450.0                            LAT/LON1/LON2/DLON/H
  223  203  185  166  145  126  114  113  118  127  140  163  193  226  256  286
  322  359  389  405  417  441  487  547  605  649  675  690  698  703  707  713
  722  734  747  759  768  771  772  778  793  809  811  792  760  728  700  665
  606  522  432  368  345  359  387  409  417  417  416  414  405  383  353  328
  317  319  321  314  299  281  262  242  223
