interface/IONEXdata/CODG2570.22I
     1.0            IONOSPHERE MAPS     GNSS                IONEX VERSION / TYPE
ADDNEQ2 V5.5        AIUB                18-SEP-22 23:01     PGM / RUN BY / DATE 
CODE'S GLOBAL IONOSPHERE MAPS FOR DAY 257, 2022             COMMENT             
Global ionosphere maps (GIM) are generated on a daily basis DESCRIPTION         
at CODE using data from about 300 GNSS sites of the IGS and DESCRIPTION         
other institutions. The vertical total electron content     DESCRIPTION         
(VTEC) is modeled in a solar-geomagnetic reference frame    DESCRIPTION         
using a spherical harmonics expansion up to degree and      DESCRIPTION         
order 15. Piece-wise linear functions are used for          DESCRIPTION         
representation in the time domain. The time spacing of      DESCRIPTION         
their vertices is 1 hour, conforming with the epochs of the DESCRIPTION         
VTEC maps.                                                  DESCRIPTION         
To convert line-of-sight TEC into vertical TEC, a modified  DESCRIPTION         
single-layer model mapping function approximating the JPL   DESCRIPTION         
extended slab model mapping function is adopted. The        DESCRIPTION         
mapping function is evaluated at geodetic satellite         DESCRIPTION         
elevation angles. For the computation of the ionospheric    DESCRIPTION         
pierce points, a spherical layer with a radius of 6821 km   DESCRIPTION         
is assumed, implying geocentric, not geodetic IONEX         DESCRIPTION         
latitudes.                                                  DESCRIPTION         
Instrumental biases with respect to each involved GNSS code DESCRIPTION         
observable are estimated as constant values for each        DESCRIPTION         
day. They are modeled with one set of bias parameters for   DESCRIPTION         
each satellite and each station in case of GPS and for each DESCRIPTION         
satellite-station link in case of GLONASS. The code bias    DESCRIPTION         
datum is defined by zero-mean conditions imposed on the     DESCRIPTION         
satellite bias estimates. In this file, just GPS C1W-C2W    DESCRIPTION         
satellite and station bias values are included. The         DESCRIPTION         
complete set of GNSS code bias results is provided in an    DESCRIPTION         
additional Bias-SINEX file as pseudo-absolute values        DESCRIPTION         
specific to each observable.                                DESCRIPTION         
Note: These GIM results correspond to the results for the   DESCRIPTION         
middle day of a 3-day combination analysis solving for 73   DESCRIPTION         
times 256, or 18688 VTEC parameters and 3 daily sets of     DESCRIPTION         
GNSS code bias parameters.                                  DESCRIPTION         
Contact address: code(at)aiub.unibe.ch                      DESCRIPTION         
Data archive:    ftp.aiub.unibe.ch/CODE/                    DESCRIPTION         
                 www.aiub.unibe.ch/download/CODE/           DESCRIPTION         
  2022     9    14     0     0     0                        EPOCH OF FIRST MAP  
  2022     9    15     0     0     0                        EPOCH OF LAST MAP   
  3600                                                      INTERVAL            
[...]
badg bake bako barh bndy boav bogo bogt bor1 braz brft brst COMMENT             
brux bshm cas1 ccj2 cedu chpg chpi chti chur ckis cnmr coco COMMENT             
cord cpxf crar cro1 daej darw dav1 dgar dhlg drao dubo ebre COMMENT             
faa1 fair flrs frdn func ganp glps glsv gode godz gol2 gold COMMENT             
gope gras graz guam guug harb hers hert hlfx hnlc hob2 hofn COMMENT             
holb hrao hyde ieng iisc ineg iqal irkj isba joz2 joze karr COMMENT             
kerg kir0 kiri kiru kit3 kokb kokv koug kour krgg laut lmmf COMMENT             
lpal lpgs m0se mac1 madr mal2 mana mas1 mat1 mate maw1 mcil COMMENT             
mcm4 mdo1 mdvj medi mets mgue mizu mkea mobs monp morp mqzg COMMENT             
mro1 mtka nano nico nist nklg nlib nnor not1 nrc1 nya1 nyal COMMENT             
ohi2 onsa opmt ous2 pado parc pdel pert pie1 pohn pol2 polv COMMENT             
pots pove prds ptag ptbb qaq1 quin ramo rbay reun reyk rgdg COMMENT             
rio2 riop roth samo sant savo sch2 scor scrz sctb scub seyg COMMENT             
smst sofi spt0 ssia sthl stjo stk2 str2 suth sutm sydn syog COMMENT             
tabl tabv tash thtg thti thu2 tid1 tidb tlse tong tow2 tro1 COMMENT             
tsea tskb tuva twtf uclu ufpr ulab unb3 unbj unsa urum usn7 COMMENT             
usud vald vill voim wab1 wab2 wark wgtn whit will wind wsrt COMMENT             
wtzl wtzr wtzs wtzz wuhn xmis yar2 yar3 yarr yell ykro zamb COMMENT             
zeck zim2 zim3 zimm                                         COMMENT             
                                                            END OF HEADER       
[from data line 5577]
    14                                                      START OF TEC MAP    
  2022     9    14    13     0     0                        EPOCH OF CURRENT MAP
    87.5-180.0 180.0   5.0 450.0                            LAT/LON1/LON2/DLON/H
  169  171  173  175  178  180  182  184  187  189  190  192  194  195  196  197
  198  199  199  199  199  199  199  198  198  197  196  194  193  192  190  189
  187  185  183  181  179  177  175  173  171  169  167  166  164  162  161  159
  158  157  156  155  154  154  153  153  153  152  152  153  153  153  154  155
  156  157  158  159  161  163  165  167  169
    85.0-180.0 180.0   5.0 450.0                            LAT/LON1/LON2/DLON/H
  159  163  167  172  177  181  186  190  194  198  202  205  208  210  212  213
  214  215  215  216  215  215  214  213  212  211  209  208  206  203  201  198
  195  192  189  185  181  178  174  171  167  164  161  158  156  153  151  150
  148  147  145  144  143  142  142  141  140  139  139  138  138  138  138  138
  139  140  141  143  145  148  151  155  159
    82.5-180.0 180.0   5.0 450.0                            LAT/LON1/LON2/DLON/H
  146  152  158  165  172  179  185  192  197  203  207  211  214  216  218  219
  219  219  219  219  219  218  217  217  216  215  214  213  211  209  207  204
  201  198  194  190  185  180  176  171  167  163  160  157  154  152  151  150
  149  149  148  148  148  147  146  145  144  142  140  138  136  134  132  130
  129  128  128  129  130  133  136  141  146
    80.0-180.0 180.0   5.0 450.0                            LAT/LON1/LON2/DLON/H
  132  139  147  155  164  173  181  189  196  201  206  209  212  213  213  213
  212  211  210  210  209  208  208  209  209  210  210  211  211  211  210  209
  207  204  200  196  191  186  181  176  172  168  165  162  161  160  161  162
  163  164  166  167  168  168  168  166  164  161  157  153  148  143  138  133
  128  124  121  120  119  120  123  127  132
    77.5-180.0 180.0   5.0 450.0                            LAT/LON1/LON2/DLON/H
  120  127  136  145  155  165  174  183  190  196  200  202  203  202  201  199
  197  194  192  191  190  191  192  193  196  198  201  205  207  210  212  213
  212  211  209  205  201  196  191  186  181  178  176  175  175  177  179  183
  186  190  194  197  199  200  200  198  195  190  184  177  170  161  153  144
  136  129  122  117  114  112  113  116  120
    75.0-180.0 180.0   5.0 450.0                            LAT/LON1/LON2/DLON/H
  112  118  126  135  146  157  167  175  182  187  190  191  190  187  184  181
  177  174  172  171  170  172  174  177  182  187  192  198  203  208  213  216
  218  219  218  216  212  208  203  198  194  191  190  191  193  197  202  208
  214  220  225  229  232  233  233  230  226  220  212  203  193  182  171  160
  149  138  129  121  114  109  108  108  112
    72.5-180.0 180.0   5.0 450.0                            LAT/LON1/LON2/DLON/H
  106  110  117  127  137  148  158  166  172  176  178  177  175  171  167  163
  159  156  154  154  155  157  161  166  172  179  186  194  201  208  214  220
  224  227  227  226  223  220  215  211  207  205  205  207  211  217  223  230
  237  244  249  254  256  257  255  252  246  239  230  219  208  197  185  173
  161  149  138  127  118  111  106  104  106
    70.0-180.0 180.0   5.0 450.0                            LAT/LON1/LON2/DLON/H
  101  103  109  117  127  137  147  154  160  163  163  162  159  156  152  149
  146  144  144  145  148  152  157  163  170  178  186  193  201  209  216  223
  229  233  235  235  233  229  225  221  217  216  217  220  225  231  237  244
  250  256  260  263  264  263  260  255  248  240  230  219  209  198  187  176
  165  155  144  133  122  113  106  102  101
    67.5-180.0 180.0   5.0 450.0                            LAT/LON1/LON2/DLON/H
   95   95   99  105  114  123  132  139  144  146  147  146  144  142  140  139
  138  139  140  143  148  154  160  168  176  183  190  197  204  211  218  225
  232  237  240  240  239  235  230  226  223  222  224  227  232  237  242  247
  250  252  254  254  252  250  245  239  231  222  212  202  192  183  175  167
  159  152  143  134  124  114  105   98   95
    65.0-180.0 180.0   5.0 450.0                            LAT/LON1/LON2/DLON/H
   86   83   85   90   97  105  113  119  124  127  128  128  128  128  129  131
  134  137  141  147  153  160  168  177  185  192  198  203  208  214  220  227
  234  239  242  243  241  237  232  227  224  223  225  228  232  235  238  238
  238  236  233  230  226  222  216  209  201  191  181  171  163  155  150  146
  142  139  134  128  119  110  100   91   86
    62.5-180.0 180.0   5.0 450.0                            LAT/LON1/LON2/DLON/H
   73   69   68   70   75   82   89   95  100  103  106  108  110  114  119  124
  131  137  143  150  158  167  176  186  194  201  206  210  213  217  223  229
  235  241  244  244  241  236  230  225  222  221  223  226  228  229  228  224
  219  212  206  200  195  190  184  177  168  159  148  139  130  123  119  118
  118  118  118  115  109  100   91   81   73
    60.0-180.0 180.0   5.0 450.0                            LAT/LON1/LON2/DLON/H
   59   53   50   50   53   57   63   69   74   78   82   87   92   99  107  117
  126  135  143  151  160  170  181  191  200  207  212  215  217  221  226  232
  238  243  245  244  240  234  227  222  219  219  221  223  224  223  218  210
  200  190  182  175  170  165  160  153  145  136  125  114  105   97   93   92
   93   96   98   98   95   88   79   68   59
    57.5-180.0 180.0   5.0 450.0                            LAT/LON1/LON2/DLON/H
   48   40   34   32   32   35   39   44   50   55   60   66   74   83   95  108
  120  131  140  149  158  169  181  192  202  210  215  218  220  224  229  235
  242  246  247  245  240  233  225  220  218  218  221  224  224  221  213  202
  190  178  169  163  159  156  152  147  139  130  119  107   96   86   78   75
   75   78   81   83   81   76   67   57   48
    55.0-180.0 180.0   5.0 450.0                            LAT/LON1/LON2/DLON/H
   42   33   26   21   19   19   21   26   31   37   43   50   59   70   84   99
  113  126  136  145  155  166  178  191  202  210  216  219  223  227  233  240
  246  250  250  247  241  233  226  221  220  223  226  230  230  225  216  203
  190  179  171  167  165  164  162  158  152  143  132  119  106   93   81   73
   70   70   72   74   73   69   61   51   42
    52.5-180.0 180.0   5.0 450.0                            LAT/LON1/LON2/DLON/H
   44   36   28   22   16   13   13   16   21   27   33   40   49   60   75   92
  108  122  134  143  153  164  177  190  201  210  216  220  225  230  237  245
  251  254  253  249  243  236  230  227  228  231  236  240  240  235  226  214
  202  193  188  187  187  187  186  182  176  169  159  147  132  116  101   87
   79   75   75   75   74   69   62   53   44
    50.0-180.0 180.0   5.0 450.0                            LAT/LON1/LON2/DLON/H
   56   49   42   33   26   20   17   18   22   27   33   38   45   56   71   89
  108  124  136  146  156  167  180  193  204  212  217  222  226  232  240  247
  253  255  255  252  247  241  238  236  239  243  249  252  252  248  240  230
  221  215  213  214  215  215  213  209  203  196  189  179  166  150  131  114
  100   92   88   86   83   78   71   64   56
    47.5-180.0 180.0   5.0 450.0                            LAT/LON1/LON2/DLON/H
   75   69   63   55   45   37   32   31   33   37   41   44   50   59   74   93
  113  131  145  156  167  178  189  201  211  217  221  224  227  232  239  246
  251  254  255  254  252  250  249  250  252  257  262  264  264  260  254  247
  241  238  238  240  241  239  234  228  221  215  211  206  197  182  164  144
  127  115  108  104  100   94   87   80   75
    45.0-180.0 180.0   5.0 450.0                            LAT/LON1/LON2/DLON/H
   95   92   88   81   71   61   53   50   51   53   55   57   60   68   82  101
  123  143  159  171  182  193  204  214  222  226  227  226  227  230  235  241
  247  252  256  259  261  263  265  267  269  271  274  274  273  269  265  260
  258  257  258  258  257  252  243  233  224  220  218  218  215  205  189  170
  153  139  131  125  119  111  104   98   95
    42.5-180.0 180.0   5.0 450.0                            LAT/LON1/LON2/DLON/H
  111  111  110  104   96   85   77   72   71   72   73   74   76   82   95  114
  136  157  175  189  200  211  221  229  234  235  233  229  226  225  228  234
  242  251  260  269  277  283  287  289  288  287  285  282  279  276  273  271
  270  270  270  268  263  253  241  227  216  211  211  215  218  214  203  187
  171  158  149  142  135  127  118  113  111
    40.0-180.0 180.0   5.0 450.0                            LAT/LON1/LON2/DLON/H
  120  122  123  121  114  105   97   91   89   90   90   91   93   98  110  128
  150  171  189  203  215  225  234  240  243  242  238  231  224  221  222  229
  241  256  273  290  304  313  318  317  312  305  298  291  286  283  282  282
  282  282  279  273  264  251  235  218  204  197  197  203  209  210  204  192
  179  168  160  153  145  136  127  121  120
    37.5-180.0 180.0   5.0 450.0                            LAT/LON1/LON2/DLON/H
  120  122  126  126  123  116  109  104  102  102  104  106  109  115  126  142
  162  182  199  212  223  232  240  246  248  246  240  232  223  218  220  230
  249  274  300  324  343  354  357  352  341  329  316  306  300  297  298  300
  301  298  292  283  271  256  238  219  202  191  188  192  198  201  198  190
  179  170  162  156  148  138  128  121  120
    35.0-180.0 180.0   5.0 450.0                            LAT/LON1/LON2/DLON/H
  113  115  119  121  121  118  114  110  108  109  113  118  123  130  140  154
  172  189  203  214  223  231  238  243  245  244  240  232  224  220  225  243
  272  307  342  373  394  405  404  394  377  359  343  331  325  325  329  333
  333  328  318  306  293  278  261  241  222  206  196  193  195  197  194  187
  177  168  160  153  145  135  124  116  113
    32.5-180.0 180.0   5.0 450.0                            LAT/LON1/LON2/DLON/H
  106  104  107  110  113  113  111  108  107  110  116  124  133  141  151  163
  178  191  202  210  216  223  228  233  237  238  237  234  229  230  243  270
  310  356  399  432  453  461  456  440  420  398  381  370  367  371  378  384
  383  376  363  349  336  322  307  288  266  245  228  216  210  206  201  192
  181  168  158  150  141  131  120  111  106
    30.0-180.0 180.0   5.0 450.0                            LAT/LON1/LON2/DLON/H
  102   97   96   98  102  105  106  104  103  106  115  127  138  148  158  170
  182  192  199  203  207  211  216  221  226  231  236  238  241  250  272  311
  362  417  463  496  513  516  506  487  465  444  429  422  424  433  444  452
  452  442  426  410  397  385  371  354  331  306  281  259  244  233  224  211
  195  177  163  152  143  133  122  111  102
    27.5-180.0 180.0   5.0 450.0                            LAT/LON1/LON2/DLON/H
  108   98   92   91   95  100  101   99   98  101  111  125  139  151  162  173
  184  193  197  198  199  201  205  210  217  227  237  248  259  278  312  362
  423  482  527  555  565  562  549  530  510  494  484  483  491  506  522  532
  530  517  499  481  467  455  442  425  403  375  345  316  292  276  261  244
  222  198  178  164  154  144  134  121  108
    25.0-180.0 180.0   5.0 450.0                            LAT/LON1/LON2/DLON/H
  125  109   98   94   96  100  101   98   94   96  106  121  136  149  160  173
  186  195  198  197  195  196  200  206  215  229  246  264  285  315  359  418
  484  542  581  599  601  593  579  564  550  541  539  546  561  582  600  610
  606  591  569  548  530  515  500  482  461  435  403  371  344  324  307  287
  260  230  204  186  175  166  155  141  125
    22.5-180.0 180.0   5.0 450.0                            LAT/LON1/LON2/DLON/H
  150  130  114  106  105  108  107  101   94   93  101  114  129  142  155  171
  188  199  203  200  197  198  203  210  222  239  262  288  318  355  407  471
  537  589  617  624  616  605  595  587  582  582  589  603  624  647  667  675
  667  647  621  596  572  550  530  511  492  469  442  412  386  367  351  331
  302  268  239  218  206  197  185  170  150
    20.0-180.0 180.0   5.0 450.0                            LAT/LON1/LON2/DLON/H
  178  155  136  124  121  121  117  108   97   93   97  107  119  131  146  167
  189  205  210  208  204  206  213  224  239  260  287  319  354  397  452  516
  576  617  632  627  613  602  598  599  605  614  628  648  671  694  711  715
  702  677  646  615  583  552  525  503  487  471  450  426  406  393  382  366
  339  306  275  254  241  231  218  200  178
    17.5-180.0 180.0   5.0 450.0                            LAT/LON1/LON2/DLON/H
  203  178  158  145  139  136  129  116  103   94   94  101  109  119  135  160
  188  210  218  216  213  217  228  244  263  289  320  355  393  437  490  548
  599  627  629  613  596  589  594  605  620  636  654  676  698  718  729  726
  708  677  641  603  564  523  488  464  451  441  428  412  400  395  393  385
  364  334  306  287  275  263  248  227  203
    15.0-180.0 180.0   5.0 450.0                            LAT/LON1/LON2/DLON/H
  219  194  174  161  154  148  139  124  108   97   94   95   99  107  124  153
  187  213  224  223  221  228  244  267  293  323  357  394  432  472  519  568
  606  622  613  592  577  576  590  610  630  649  668  687  705  718  722  712
  687  652  613  570  524  477  437  411  401  396  389  378  372  375  382  383
  371  349  328  313  301  288  269  245  219
    12.5-180.0 180.0   5.0 450.0                            LAT/LON1/LON2/DLON/H
  223  199  181  169  162  155  145  129  113  100   95   93   93   98  116  147
  185  214  227  227  226  236  259  290  324  360  397  434  468  502  539  576
  603  609  595  575  565  572  594  618  639  657  672  686  697  703  698  681
  652  614  574  530  482  433  391  367  359  356  349  338  333  340  354  364
  362  350  337  328  318  302  279  251  223
    10.0-180.0 180.0   5.0 450.0                            LAT/LON1/LON2/DLON/H
  217  194  178  167  161  154  144  130  115  104   97   93   91   95  111  144
  183  214  228  228  228  242  271  311  354  396  436  470  499  525  551  578
  596  597  584  569  567  583  608  632  650  661  669  676  680  679  668  646
  615  579  541  500  456  410  373  353  346  341  327  308  297  302  320  335
  341  339  335  332  324  306  278  246  217
     7.5-180.0 180.0   5.0 450.0                            LAT/LON1/LON2/DLON/H
  204  182  167  158  152  146  137  126  114  106  101   97   94   96  112  144
  182  214  228  229  231  247  282  329  380  428  469  501  524  541  558  576
  590  591  584  578  585  607  632  652  661  663  664  664  662  655  641  619
  590  558  527  493  457  422  395  382  375  362  335  301  278  275  289  306
  317  321  325  328  321  301  270  234  204
     5.0-180.0 180.0   5.0 450.0                            LAT/LON1/LON2/DLON/H
  190  168  153  144  138  133  126  119  112  107  105  102  100  102  117  147
  184  215  230  232  235  254  292  345  401  453  495  524  541  550  561  574
  587  594  595  600  615  639  660  671  670  663  656  652  646  637  624  605
  583  559  536  513  489  468  455  451  443  420  375  321  281  266  273  286
  297  305  313  318  313  292  258  221  190
     2.5-180.0 180.0   5.0 450.0                            LAT/LON1/LON2/DLON/H
  180  157  142  131  124  119  115  111  108  107  107  107  106  110  125  152
  187  217  233  238  244  265  305  359  418  471  511  537  549  554  560  573
  588  602  613  626  646  668  682  682  671  656  645  638  632  625  616  604
  591  578  565  552  542  536  538  542  534  498  435  363  305  277  273  280
  287  294  302  307  302  281  247  211  180
