interface/IONEXdata/CODG2430.22I
     1.0            IONOSPHERE MAPS     GNSS                IONEX VERSION / TYPE
ADDNEQ2 V5.5        AIUB                04-SEP-22 22:52     PGM / RUN BY / DATE 
CODE'S GLOBAL IONOSPHERE MAPS FOR DAY 243, 2022             COMMENT             
Global ionosphere maps (GIM) are generated on a daily basis DESCRIPTION         
at CODE using data from about 300 GNSS sites of the IGS and DESCRIPTION         
other institutions. The vertical total electron content     DESCRIPTION         
(VTEC) is modeled in a solar-geomagnetic reference frame    DESCRIPTION         
using a spherical harmonics expansion up to degree and      DESCRIPTION         
order 15. Piece-wise linear functions are used for          DESCRIPTION         
representation in the time domain. The time spacing of      DESCRIPTION         
their vertices is 1 hour, conforming with the epochs of the DESCRIPTION         
VTEC maps.                                                  DESCRIPTION         
To convert line-of-sight TEC into vertical TEC, a modified  DESCRIPTION         
single-layer model mapping function approximating the JPL   DESCRIPTION         
extended slab model mapping function is adopted. The        DESCRIPTION         
mapping function is evaluated at geodetic satellite         DESCRIPTION         
elevation angles. For the computation of the ionospheric    DESCRIPTION         
pierce points, a spherical layer with a radius of 6821 km   DESCRIPTION         
is assumed, implying geocentric, not geodetic IONEX         DESCRIPTION         
latitudes.                                                  DESCRIPTION         
Instrumental biases with respect to each involved GNSS code DESCRIPTION         
observable are estimated as constant values for each        DESCRIPTION         
day. They are modeled with one set of bias parameters for   DESCRIPTION         
each satellite and each station in case of GPS and for each DESCRIPTION         
satellite-station link in case of GLONASS. The code bias    DESCRIPTION         
datum is defined by zero-mean conditions imposed on the     DESCRIPTION         
satellite bias estimates. In this file, just GPS C1W-C2W    DESCRIPTION         
satellite and station bias values are included. The         DESCRIPTION         
complete set of GNSS code bias results is provided in an    DESCRIPTION         
additional Bias-SINEX file as pseudo-absolute values        DESCRIPTION         
specific to each observable.                                DESCRIPTION         
Note: These GIM results correspond to the results for the   DESCRIPTION         
middle day of a 3-day combination analysis solving for 73   DESCRIPTION         
times 256, or 18688 VTEC parameters and 3 daily sets of     DESCRIPTION         
GNSS code bias parameters.                                  DESCRIPTION         
Contact address: code(at)aiub.unibe.ch                      DESCRIPTION         
Data archive:    ftp.aiub.unibe.ch/CODE/                    DESCRIPTION         
                 www.aiub.unibe.ch/download/CODE/           DESCRIPTION         
  2022     8    31     0     0     0                        EPOCH OF FIRST MAP  
  2022     9     1     0     0     0                        EPOCH OF LAST MAP   
  3600                                                      INTERVAL            
[...]
bake bako barh bndy boav bogo bogt bor1 braz brst brux bshm COMMENT             
cags cas1 ccj2 cedu chpg chpi chti chur ckis cnmr coco cord COMMENT             
cpvg cpxf crar cro1 daej darw dav1 dgar dhlg drao dubo ebre COMMENT             
faa1 fair flrs frdn ftna func ganp glps glsv gode godz gol2 COMMENT             
gold gope gras graz guam guug harb hers hert hlfx hnlc hob2 COMMENT             
hofn holb hrao hyde ieng ineg invk iqal irkj isba joz2 joze COMMENT             
karr kerg kir0 kiri kiru kit3 kokb kokv koug kour krgg laut COMMENT             
lmmf lpal lpgs m0se mac1 madr mal2 mana mas1 mat1 mate maw1 COMMENT             
mcil mcm4 mdo1 mdvj medi mets mgue mizu mkea mobs monp morp COMMENT             
mqzg mro1 mtka nano nico nist nklg nlib nnor not1 nrc1 nya1 COMMENT             
nyal ohi2 onsa opmt ous2 pado parc pdel pert pie1 pol2 polv COMMENT             
pots pove prds ptag ptbb quin ramo rbay reun reyk rgdg rio2 COMMENT             
riop roth salu samo sant savo sch2 scrz sctb scub seyg smst COMMENT             
sofi spt0 ssia sthl stjo stk2 str2 suth sutm suwn sydn syog COMMENT             
tabl tabv tash thtg thti tid1 tidb tlse tong tow2 tro1 tsea COMMENT             
tskb tuva twtf uclu ufpr ulab unb3 unbj unsa urum usn7 usud COMMENT             
vald vill voim wab1 wab2 wark wgtn whit will wind wsrt wtzl COMMENT             
wtzr wtzs wtzz wuhn xmis yar2 yar3 yarr yell ykro zamb zeck COMMENT             
zim2 zim3 zimm                                              COMMENT             
                                                            END OF HEADER       
[from data line 7293]
    18                                                      START OF TEC MAP    
  2022     8    31    17     0     0                        EPOCH OF CURRENT MAP
    87.5-180.0 180.0   5.0 450.0                            LAT/LON1/LON2/DLON/H
  139  139  139  140  140  140  140  140  141  140  140  140  140  140  139  139
  138  138  137  136  135  135  134  133  132  131  131  130  129  128  128  127
  127  127  126  126  126  126  126  126  126  126  127  127  127  128  128  129
  129  130  130  131  131  132  132  133  133  134  134  134  135  135  135  136
  136  136  137  137  137  138  138  138  139
    85.0-180.0 180.0   5.0 450.0                            LAT/LON1/LON2/DLON/H
  134  135  136  137  138  139  140  141  142  142  142  143  142  142  141  141
  140  138  137  135  133  132  130  128  126  125  123  121  120  119  118  117
  116  115  114  114  114  114  114  114  115  115  116  117  118  119  120  121
  122  123  124  125  126  126  127  127  128  128  128  128  129  129  129  129
  129  129  130  130  131  131  132  133  134
    82.5-180.0 180.0   5.0 450.0                            LAT/LON1/LON2/DLON/H
  122  123  125  128  130  132  134  137  139  140  142  142  143  143  142  141
  140  138  136  134  131  128  126  123  120  118  116  114  112  110  109  107
  106  105  105  104  104  103  103  103  104  105  105  107  108  109  111  112
  114  115  116  118  118  119  119  119  119  119  118  118  117  116  116  115
  115  115  115  116  116  117  119  120  122
    80.0-180.0 180.0   5.0 450.0                            LAT/LON1/LON2/DLON/H
  105  108  111  114  118  121  125  129  132  136  138  140  142  143  142  142
  140  138  135  132  129  126  123  120  117  114  112  110  108  106  105  104
  102  101  100   99   98   97   96   96   96   96   97   98   99  101  102  104
  106  108  109  110  110  110  109  109  107  106  104  103  101  100   98   97
   97   96   97   97   98   99  101  103  105
    77.5-180.0 180.0   5.0 450.0                            LAT/LON1/LON2/DLON/H
   89   93   96  100  105  110  115  120  125  130  134  137  140  141  142  142
  140  138  135  132  129  126  123  120  117  115  113  111  110  108  107  106
  105  103  101  100   98   96   94   92   91   91   91   91   92   94   96   98
   99  101  101  102  101  100   98   96   94   91   88   85   83   80   79   77
   77   77   77   78   80   82   84   87   89
    75.0-180.0 180.0   5.0 450.0                            LAT/LON1/LON2/DLON/H
   79   82   86   90   94   99  105  111  117  124  129  134  138  140  141  142
  141  139  137  134  131  129  126  124  122  120  119  118  116  115  114  113
  112  110  107  105  101   98   95   92   90   88   87   87   88   89   91   93
   94   95   95   94   92   90   86   83   79   74   70   67   64   61   60   59
   59   60   62   64   66   69   72   75   79
    72.5-180.0 180.0   5.0 450.0                            LAT/LON1/LON2/DLON/H
   75   78   81   84   88   93   99  105  112  119  126  131  136  139  141  142
  142  141  140  138  137  135  134  132  131  129  128  127  126  125  124  122
  120  117  114  111  106  102   97   93   90   87   86   85   86   87   89   90
   91   91   90   88   84   80   75   70   64   59   54   50   47   45   44   44
   46   48   51   55   59   64   68   71   75
    70.0-180.0 180.0   5.0 450.0                            LAT/LON1/LON2/DLON/H
   77   80   82   85   88   92   97  103  110  117  124  130  135  139  142  143
  144  145  145  145  145  144  144  143  142  141  139  137  135  133  131  129
  126  123  119  114  109  104   99   94   90   87   86   85   86   87   89   90
   90   89   86   82   77   71   64   58   51   46   41   37   34   33   33   35
   37   42   47   52   58   64   69   74   77
    67.5-180.0 180.0   5.0 450.0                            LAT/LON1/LON2/DLON/H
   84   86   88   89   91   94   98  104  111  118  125  131  136  140  143  146
  148  150  151  153  154  155  156  155  154  152  149  145  142  138  135  131
  128  124  119  115  109  104   98   94   90   87   86   86   87   89   90   91
   90   87   83   77   70   63   55   48   42   36   32   29   27   27   27   30
   34   39   45   52   60   67   74   80   84
    65.0-180.0 180.0   5.0 450.0                            LAT/LON1/LON2/DLON/H
   89   92   94   95   96   98  102  107  113  121  127  133  138  142  146  149
  152  156  159  162  165  167  167  167  164  161  156  150  144  139  134  129
  125  121  116  111  106  101   96   92   89   88   87   88   90   91   93   93
   91   87   81   74   65   57   49   41   36   31   28   26   25   25   26   29
   33   38   45   52   61   70   78   84   89
    62.5-180.0 180.0   5.0 450.0                            LAT/LON1/LON2/DLON/H
   90   94   97   98  100  102  106  111  117  124  131  136  141  145  149  153
  158  162  167  171  174  176  177  175  172  166  159  152  144  137  131  125
  121  116  112  107  103   99   95   92   90   90   90   91   93   95   96   95
   92   87   79   71   61   52   45   39   34   31   29   29   28   28   29   31
   33   37   43   50   58   67   76   84   90
    60.0-180.0 180.0   5.0 450.0                            LAT/LON1/LON2/DLON/H
   85   91   95   98  101  104  108  114  121  128  134  139  144  148  152  158
  163  169  174  179  182  183  183  181  176  169  161  152  143  135  128  123
  119  114  110  106  102   99   96   94   94   94   95   96   98   99   99   97
   93   87   79   69   60   51   44   39   37   36   35   35   35   35   34   34
   34   36   39   44   51   59   68   77   85
    57.5-180.0 180.0   5.0 450.0                            LAT/LON1/LON2/DLON/H
   73   82   89   94   99  104  110  116  124  131  136  141  145  150  156  162
  169  175  180  184  186  187  186  183  178  170  161  152  143  136  130  126
  122  118  113  109  106  103  101  100  100  101  102  103  103  103  102   99
   95   88   79   70   60   53   47   44   44   44   45   46   45   43   41   38
   35   34   34   36   40   46   55   64   73
    55.0-180.0 180.0   5.0 450.0                            LAT/LON1/LON2/DLON/H
   59   70   80   88   96  103  110  117  125  132  137  142  146  152  159  167
  174  181  185  187  188  187  186  183  178  171  163  155  148  142  138  135
  131  127  123  118  115  112  111  110  111  111  111  111  110  108  106  102
   97   91   82   74   65   58   54   53   54   56   57   57   56   53   48   43
   38   33   30   28   29   33   40   49   59
    52.5-180.0 180.0   5.0 450.0                            LAT/LON1/LON2/DLON/H
   47   59   72   83   93  102  110  118  125  132  137  141  146  153  161  171
  179  185  188  188  187  186  185  183  179  174  168  161  156  153  151  148
  145  141  136  131  127  124  123  123  123  123  122  120  117  114  111  107
  103   97   90   82   74   68   65   65   67   69   71   70   68   63   57   50
   43   36   30   25   23   24   29   37   47
    50.0-180.0 180.0   5.0 450.0                            LAT/LON1/LON2/DLON/H
   40   53   68   81   93  103  112  119  126  131  136  140  146  153  164  175
  184  189  190  189  186  185  185  184  183  179  175  170  167  166  165  163
  160  156  150  144  140  138  137  136  136  135  133  130  126  122  118  115
  111  107  101   94   87   82   80   80   82   84   84   83   79   73   66   59
   51   43   36   29   25   23   25   30   40
    47.5-180.0 180.0   5.0 450.0                            LAT/LON1/LON2/DLON/H
   41   53   68   84   97  107  115  122  127  132  136  140  146  155  166  178
  188  192  192  189  186  186  187  189  189  187  183  180  178  178  177  176
  172  167  161  155  152  150  149  149  148  147  144  140  135  131  128  126
  123  120  116  110  104   99   96   96   97   98   98   95   91   84   77   69
   61   54   47   41   35   31   30   33   41
    45.0-180.0 180.0   5.0 450.0                            LAT/LON1/LON2/DLON/H
   48   59   74   90  104  114  121  126  130  134  137  141  147  157  169  182
  191  195  194  191  189  190  193  197  198  196  192  188  186  185  184  182
  177  172  166  162  160  160  160  160  159  157  154  150  146  142  140  138
  137  136  133  128  122  117  113  112  112  112  110  107  101   95   88   81
   75   69   63   57   52   46   43   42   48
    42.5-180.0 180.0   5.0 450.0                            LAT/LON1/LON2/DLON/H
   59   68   82   99  113  122  128  132  135  138  141  145  151  161  173  185
  194  197  196  194  194  197  202  206  207  204  199  193  190  188  186  182
  177  172  169  168  168  169  170  170  169  167  164  160  156  154  152  152
  152  151  149  145  139  133  129  126  124  123  121  117  111  105   99   93
   88   84   80   76   71   66   60   57   59
    40.0-180.0 180.0   5.0 450.0                            LAT/LON1/LON2/DLON/H
   70   77   90  106  120  130  135  138  141  144  147  151  157  166  178  188
  196  199  199  199  200  205  211  216  216  211  203  197  192  188  184  179
  175  172  173  175  179  181  183  182  180  177  173  170  167  166  165  164
  164  163  161  157  152  146  140  137  134  132  129  124  119  114  109  104
  101   98   95   93   90   85   78   71   70
    37.5-180.0 180.0   5.0 450.0                            LAT/LON1/LON2/DLON/H
   79   83   95  111  125  135  140  143  147  151  155  159  165  173  182  191
  197  201  203  204  208  214  220  223  222  215  207  199  194  189  185  180
  178  179  184  191  197  200  200  197  193  188  184  180  178  177  175  174
  172  170  168  163  158  152  147  143  139  137  134  130  126  121  117  114
  110  108  106  105  103   99   91   83   79
    35.0-180.0 180.0   5.0 450.0                            LAT/LON1/LON2/DLON/H
   84   86   97  112  126  136  142  147  153  159  164  169  173  179  186  192
  198  203  206  210  215  220  225  227  225  219  212  206  202  198  194  191
  192  199  210  220  226  227  224  218  210  202  195  191  189  186  183  179
  175  171  167  162  157  152  147  143  140  138  135  132  129  126  123  120
  117  114  112  111  110  107   99   90   84
    32.5-180.0 180.0   5.0 450.0                            LAT/LON1/LON2/DLON/H
   85   85   95  110  124  135  142  150  158  167  173  177  181  184  189  193
  198  204  210  215  220  225  228  229  228  224  221  220  219  218  216  217
  224  237  252  263  267  264  254  242  230  218  209  202  198  193  187  180
  172  166  160  155  150  146  142  139  137  135  134  131  129  127  125  123
  120  116  113  111  111  108  101   92   85
    30.0-180.0 180.0   5.0 450.0                            LAT/LON1/LON2/DLON/H
   83   83   91  106  121  132  141  151  163  173  181  185  187  189  191  194
  199  206  214  221  225  227  229  230  233  235  239  244  249  252  254  260
  272  290  308  318  317  305  288  270  252  236  223  213  206  199  189  178
  167  157  150  145  140  136  133  132  131  130  129  128  126  126  125  124
  121  116  111  108  107  105  100   91   83
    27.5-180.0 180.0   5.0 450.0                            LAT/LON1/LON2/DLON/H
   82   81   89  104  118  130  140  153  167  179  187  191  192  192  193  196
  201  210  220  227  230  230  230  235  243  255  267  280  290  298  304  314
  331  353  371  377  367  346  321  296  274  254  237  225  215  204  191  176
  162  150  141  135  130  126  124  123  123  124  124  123  122  122  122  123
  121  116  110  105  103  101   97   89   82
    25.0-180.0 180.0   5.0 450.0                            LAT/LON1/LON2/DLON/H
   82   82   90  104  118  130  142  155  171  185  192  195  195  196  197  200
  207  217  228  236  237  236  237  246  263  283  305  324  339  349  359  372
  393  416  432  430  410  379  347  318  293  271  252  236  224  210  195  177
  161  147  137  129  123  118  116  115  116  118  118  118  117  117  119  121
  121  116  109  103   99   98   94   88   82
    22.5-180.0 180.0   5.0 450.0                            LAT/LON1/LON2/DLON/H
   85   85   93  107  121  133  145  160  176  190  197  199  199  200  203  207
  216  228  241  248  249  247  251  267  292  321  349  372  388  399  409  424
  446  468  478  468  438  400  363  334  309  287  266  249  234  219  202  183
  166  152  141  131  123  116  112  111  112  114  115  114  113  113  115  119
  120  118  111  103   99   97   94   89   85
    20.0-180.0 180.0   5.0 450.0                            LAT/LON1/LON2/DLON/H
   88   90   98  111  125  137  150  165  182  195  201  203  204  207  212  218
  229  243  257  266  267  267  275  296  329  364  394  416  431  440  448  462
  482  501  504  486  448  406  370  343  322  301  280  263  247  231  214  195
  178  165  153  141  129  119  113  110  111  113  114  113  111  110  112  116
  120  119  113  106  100   97   95   92   88
    17.5-180.0 180.0   5.0 450.0                            LAT/LON1/LON2/DLON/H
   91   93  102  115  130  143  156  171  187  200  206  208  211  216  224  233
  246  262  277  287  290  293  306  333  370  406  434  452  461  465  470  481
  497  511  508  483  442  400  369  349  332  315  295  277  262  246  229  212
  196  183  171  157  142  129  119  114  113  115  116  115  112  109  110  114
  119  120  116  108  102   99   97   94   91
    15.0-180.0 180.0   5.0 450.0                            LAT/LON1/LON2/DLON/H
   92   93  102  117  132  147  161  177  193  205  211  215  220  228  238  250
  264  282  299  311  317  323  341  372  409  443  464  474  476  475  476  482
  493  501  493  466  426  390  367  354  344  329  311  293  278  263  247  230
  216  204  191  175  158  141  128  121  119  119  120  118  114  110  109  112
  117  119  116  110  103   99   97   94   92
    12.5-180.0 180.0   5.0 450.0                            LAT/LON1/LON2/DLON/H
   89   90   98  114  131  148  165  181  197  210  218  224  231  241  254  267
  283  302  320  334  343  353  374  406  441  468  481  483  478  472  469  471
  477  480  469  443  410  383  369  363  357  344  325  307  292  277  262  247
  233  222  208  192  173  154  139  130  125  125  124  122  117  111  108  109
  113  115  114  109  103   98   95   91   89
    10.0-180.0 180.0   5.0 450.0                            LAT/LON1/LON2/DLON/H
   83   83   91  107  127  147  166  184  201  215  226  234  244  256  269  284
  299  318  337  352  364  378  401  431  461  480  485  480  472  464  459  457
  459  457  446  425  401  384  379  378  373  358  338  319  302  287  272  257
  244  232  218  202  182  164  148  137  131  129  127  125  120  113  107  105
  107  109  109  105  100   95   91   86   83
     7.5-180.0 180.0   5.0 450.0                            LAT/LON1/LON2/DLON/H
   76   75   82   98  121  144  166  185  204  220  234  246  258  270  284  297
  312  330  348  364  378  394  416  443  467  479  479  472  464  457  452  449
  446  442  433  418  404  397  397  397  389  370  346  324  306  289  273  258
  244  232  218  202  185  167  153  141  134  130  127  124  119  112  105  101
  101  102  103  100   95   90   86   81   76
     5.0-180.0 180.0   5.0 450.0                            LAT/LON1/LON2/DLON/H
   71   68   73   90  114  141  165  187  207  226  243  259  272  285  297  309
  321  336  352  367  382  398  419  442  461  469  468  464  460  458  454  450
  444  439  432  424  419  418  420  416  401  375  346  321  300  282  265  249
  234  220  207  193  178  164  151  141  132  126  122  119  114  108  101   96
   94   95   96   95   91   86   82   77   71
     2.5-180.0 180.0   5.0 450.0                            LAT/LON1/LON2/DLON/H
   69   65   68   84  110  140  166  188  210  231  253  271  287  299  309  318
  328  339  351  364  378  393  412  432  447  456  458  460  464  467  466  460
  453  446  441  439  439  442  440  429  404  371  337  308  286  266  248  230
  214  200  187  175  164  154  144  134  125  118  113  109  106  102   96   91
   88   88   90   90   87   83   79   75   69
