interface/IONEXdata/CODG0380.22I
     1.0            IONOSPHERE MAPS     GNSS                IONEX VERSION / TYPE
ADDNEQ2 V5.3        AIUB                11-FEB-22 20:48     PGM / RUN BY / DATE 
CODE'S GLOBAL IONOSPHERE MAPS FOR DAY 038, 2022             COMMENT             
Global ionosphere maps (GIM) are generated on a daily basis DESCRIPTION         
at CODE using data from about 300 GNSS sites of the IGS and DESCRIPTION         
other institutions. The vertical total electron content     DESCRIPTION         
(VTEC) is modeled in a solar-geomagnetic reference frame    DESCRIPTION         
using a spherical harmonics expansion up to degree and      DESCRIPTION         
order 15. Piece-wise linear functions are used for          DESCRIPTION         
representation in the time domain. The time spacing of      DESCRIPTION         
their vertices is 1 hour, conforming with the epochs of the DESCRIPTION         
VTEC maps.                                                  DESCRIPTION         
To convert line-of-sight TEC into vertical TEC, a modified  DESCRIPTION         
single-layer model mapping function approximating the JPL   DESCRIPTION         
extended slab model mapping function is adopted. The        DESCRIPTION         
mapping function is evaluated at geodetic satellite         DESCRIPTION         
elevation angles. For the computation of the ionospheric    DESCRIPTION         
pierce points, a spherical layer with a radius of 6821 km   DESCRIPTION         
is assumed, implying geocentric, not geodetic IONEX         DESCRIPTION         
latitudes.                                                  DESCRIPTION         
Instrumental biases with respect to each involved GNSS code DESCRIPTION         
observable are estimated as constant values for each        DESCRIPTION         
day. They are modeled with one set of bias parameters for   DESCRIPTION         
each satellite and each station in case of GPS and for each DESCRIPTION         
satellite-station link in case of GLONASS. The code bias    DESCRIPTION         
datum is defined by zero-mean conditions imposed on the     DESCRIPTION         
satellite bias estimates. In this file, just GPS C1W-C2W    DESCRIPTION         
satellite and station bias values are included. The         DESCRIPTION         
complete set of GNSS code bias results is provided in an    DESCRIPTION         
additional Bias-SINEX file as pseudo-absolute values        DESCRIPTION         
specific to each observable.                                DESCRIPTION         
Note: These GIM results correspond to the results for the   DESCRIPTION         
middle day of a 3-day combination analysis solving for 73   DESCRIPTION         
times 256, or 18688 VTEC parameters and 3 daily sets of     DESCRIPTION         
GNSS code bias parameters.                                  DESCRIPTION         
Contact address: code(at)aiub.unibe.ch                      DESCRIPTION         
Data archive:    ftp.aiub.unibe.ch/CODE/                    DESCRIPTION         
                 www.aiub.unibe.ch/download/CODE/           DESCRIPTION         
  2022     2     7     0     0     0                        EPOCH OF FIRST MAP  
  2022     2     8     0     0     0                        EPOCH OF LAST MAP   
  3600                                                      INTERVAL            
[...]
bako barh bjfs bndy bogo bogt bor1 braz brst brux bshm cags COMMENT             
cas1 ccj2 cedu chpg chpi chti chur ckis cnmr coco cord cpvg COMMENT             
cro1 daej darw dav1 dgar dhlg drao dubo ebre faa1 fair flin COMMENT             
frdn ftna func ganp glps glsv gode godz gol2 gold gope gras COMMENT             
graz guug harb hers hert hlfx hnlc hnpt hob2 hofn holb hrao COMMENT             
hyde ieng iisc invk iqal irkj isba joz2 joze karr kerg kir0 COMMENT             
kiru kit3 kokb kokv koug kour krgg laut lmmf lpal lpgs m0se COMMENT             
mac1 madr mal2 mana mas1 mat1 mate maui maw1 mcil mcm4 mdo1 COMMENT             
mdvj medi mets mgue mizu mkea mobj mobs monp morp mqzg mro1 COMMENT             
mtka nano nico nist nklg nlib nnor not1 nrc1 ntus nya1 nyal COMMENT             
onsa opmt ous2 pado parc park pdel penc pie1 pimo pohn pol2 COMMENT             
polv pots pove prds ptbb qaq1 quin rabt ramo reun reyk rgdg COMMENT             
rio2 riop salu samo sant savo sch2 scor scrz sctb scub seyg COMMENT             
sofi spt0 sthl stjo stk2 str2 suth sutm suwn sydn syog tabl COMMENT             
tabv tash tehn thtg thti thu2 tid1 tidb tixg tlse tow2 tro1 COMMENT             
tsea tskb tuva twtf uclu ufpr ulab unb3 unbj unbn unsa urum COMMENT             
usud vald vill voim wab2 wark wes2 wgtn whit will wind wsrt COMMENT             
wuhn xmis yakt yar2 yar3 yarr yell ykro yssk zamb zeck zim2 COMMENT             
zim3 zimm                                                   COMMENT             
                                                            END OF HEADER       
[from data line 3861]
    10                                                      START OF TEC MAP    
  2022     2     7     9     0     0                        EPOCH OF CURRENT MAP
    87.5-180.0 180.0   5.0 450.0                            LAT/LON1/LON2/DLON/H
   19   21   22   24   25   27   28   30   31   33   34   36   37   38   39   40
   41   42   43   44   44   45   45   45   46   46   46   46   46   46   46   46
   45   45   45   44   44   43   42   41   40   39   38   37   36   35   33   32
   31   29   28   26   25   23   22   20   19   18   17   16   15   15   14   14
   14   14   14   15   15   16   17   18   19
    85.0-180.0 180.0   5.0 450.0                            LAT/LON1/LON2/DLON/H
    8   11   14   17   20   23   26   30   32   35   38   40   42   43   45   46
   47   48   49   50   50   50   51   51   51   52   52   52   52   52   52   52
   52   52   52   52   52   51   51   50   49   48   47   45   43   42   39   37
   35   32   29   26   23   20   17   14   11    8    5    3    1    0    0    0
    0    0    0    0    0    0    2    5    8
    82.5-180.0 180.0   5.0 450.0                            LAT/LON1/LON2/DLON/H
    0    4    9   13   18   22   27   31   34   37   40   42   44   46   47   47
   48   48   48   48   48   48   48   48   48   48   49   49   50   50   51   52
   53   54   54   55   56   56   57   57   57   57   56   56   55   53   51   49
   46   43   39   35   31   27   22   17   12    7    3    0    0    0    0    0
    0    0    0    0    0    0    0    0    0
    80.0-180.0 180.0   5.0 450.0                            LAT/LON1/LON2/DLON/H
    0    2    8   13   19   24   28   33   36   39   41   42   43   43   43   43
   42   41   41   40   39   39   38   38   38   39   39   40   41   43   44   46
   48   50   52   54   57   59   61   63   64   66   67   68   69   69   68   67
   65   62   59   54   49   44   38   32   25   19   12    6    1    0    0    0
    0    0    0    0    0    0    0    0    0
    77.5-180.0 180.0   5.0 450.0                            LAT/LON1/LON2/DLON/H
    0    5   11   16   22   27   31   34   37   39   40   40   39   38   36   34
   33   31   30   28   27   27   26   26   26   27   28   29   31   33   36   39
   42   45   48   52   56   59   63   67   71   75   79   82   85   87   89   89
   89   87   84   80   75   69   63   56   48   40   33   25   18   11    5    0
    0    0    0    0    0    0    0    0    0
    75.0-180.0 180.0   5.0 450.0                            LAT/LON1/LON2/DLON/H
    8   12   17   21   26   30   33   36   37   37   37   35   33   30   27   25
   22   20   19   18   17   16   16   16   17   18   19   20   23   25   29   32
   36   41   45   50   55   60   66   71   77   84   90   96  101  106  110  113
  115  114  112  109  104   98   91   84   75   67   59   51   42   34   27   20
   13    8    4    1    0    0    1    4    8
    72.5-180.0 180.0   5.0 450.0                            LAT/LON1/LON2/DLON/H
   16   19   23   26   30   33   35   36   36   35   33   30   26   22   19   16
   14   12   12   11   12   12   12   13   13   14   15   16   19   21   25   29
   34   39   44   50   55   62   68   76   83   92  100  109  117  124  130  135
  138  139  138  135  130  124  116  109  100   92   84   76   67   59   50   42
   34   27   21   17   14   12   13   14   16
    70.0-180.0 180.0   5.0 450.0                            LAT/LON1/LON2/DLON/H
   24   26   28   30   32   34   35   35   34   32   29   25   21   17   13   11
   10    9   10   11   12   13   14   15   16   16   16   17   19   22   25   30
   35   40   46   52   58   65   72   80   89   99  109  120  129  138  146  152
  156  157  156  153  147  141  133  125  117  109  102   95   87   79   70   61
   52   43   36   30   26   23   22   23   24
    67.5-180.0 180.0   5.0 450.0                            LAT/LON1/LON2/DLON/H
   28   29   30   31   31   32   32   32   31   29   26   22   18   14   11   10
    9   10   13   15   18   20   21   22   22   22   21   22   23   25   28   33
   38   43   49   56   62   70   77   86   96  106  117  128  139  148  157  163
  166  167  165  161  155  147  139  130  123  116  110  104   98   90   82   72
   62   52   44   37   32   29   28   28   28
    65.0-180.0 180.0   5.0 450.0                            LAT/LON1/LON2/DLON/H
   29   29   29   29   28   28   28   29   28   27   24   21   17   14   12   11
   12   15   18   22   25   27   29   29   29   28   27   26   26   28   31   36
   42   48   54   61   68   75   83   92  102  112  123  134  145  154  161  167
  169  169  166  161  153  144  135  126  119  113  109  104   99   93   85   75
   64   53   44   37   32   29   28   28   29
    62.5-180.0 180.0   5.0 450.0                            LAT/LON1/LON2/DLON/H
   27   27   26   25   24   23   23   24   25   24   23   21   18   16   14   15
   16   19   23   27   30   33   34   34   33   31   29   28   28   30   33   38
   45   52   60   67   74   82   90   98  108  118  129  139  148  155  162  166
  167  166  162  155  146  137  127  118  111  106  103  100   96   90   82   72
   60   49   39   32   27   26   26   27   27
    60.0-180.0 180.0   5.0 450.0                            LAT/LON1/LON2/DLON/H
   26   25   24   22   20   18   19   20   21   22   22   21   20   18   17   18
   20   23   26   29   32   33   34   34   33   31   29   27   27   28   33   39
   47   56   64   72   80   88   96  105  114  124  133  142  149  156  160  163
  163  161  156  149  140  130  120  111  104  100   98   96   93   88   79   68
   56   43   33   26   22   21   23   25   26
    57.5-180.0 180.0   5.0 450.0                            LAT/LON1/LON2/DLON/H
   27   27   24   21   18   16   15   16   18   20   22   22   21   20   19   20
   22   24   26   28   29   29   29   29   28   27   25   23   23   25   30   38
   48   58   68   77   86   94  102  111  120  129  137  145  151  156  159  161
  161  158  154  147  139  129  119  111  104  100   98   97   94   89   80   69
   55   42   31   23   20   20   23   26   27
    55.0-180.0 180.0   5.0 450.0                            LAT/LON1/LON2/DLON/H
   33   32   29   25   20   17   15   15   17   19   21   21   21   20   20   20
   22   23   24   24   23   23   23   23   22   22   20   19   19   22   28   38
   49   61   73   83   92  100  108  117  125  134  142  149  155  159  161  163
  162  161  157  151  144  136  127  119  112  108  106  104  102   96   87   75
   61   47   35   28   25   25   28   31   33
    52.5-180.0 180.0   5.0 450.0                            LAT/LON1/LON2/DLON/H
   43   42   38   33   28   23   19   18   18   19   20   21   21   20   20   20
   21   21   21   20   18   17   17   18   19   18   17   16   16   20   27   39
   52   65   78   89   98  106  114  123  131  140  148  155  161  165  168  169
  169  168  165  161  155  148  141  133  127  122  119  117  114  108   99   86
   72   58   46   38   35   36   38   41   43
    50.0-180.0 180.0   5.0 450.0                            LAT/LON1/LON2/DLON/H
   54   54   51   46   40   33   28   24   22   22   22   22   22   21   20   20
   21   21   20   19   17   16   16   17   19   19   18   17   17   21   30   42
   57   71   85   96  105  113  121  129  138  147  155  163  170  175  178  180
  180  178  176  172  168  163  156  149  142  137  132  129  125  120  111   99
   85   71   60   53   49   49   51   53   54
    47.5-180.0 180.0   5.0 450.0                            LAT/LON1/LON2/DLON/H
   65   65   63   59   54   47   40   34   29   27   26   26   26   24   23   23
   23   23   23   21   20   19   20   23   25   25   23   21   21   26   35   49
   64   79   93  104  113  121  129  137  145  154  164  172  180  186  191  193
  192  190  187  183  179  175  169  161  154  146  141  137  132  127  118  107
   95   83   73   66   62   61   62   64   65
    45.0-180.0 180.0   5.0 450.0                            LAT/LON1/LON2/DLON/H
   70   72   72   71   68   62   55   47   40   36   35   34   33   32   30   28
   28   29   29   29   28   28   30   33   34   34   31   28   28   33   43   57
   73   88  102  112  121  129  137  145  153  163  173  182  191  199  204  206
  204  200  195  190  186  181  175  167  158  149  142  137  132  127  119  109
   98   88   79   73   69   67   68   69   70
    42.5-180.0 180.0   5.0 450.0                            LAT/LON1/LON2/DLON/H
   69   72   76   79   79   75   68   60   52   48   46   46   45   43   40   38
   37   37   38   39   39   41   43   45   46   44   40   36   36   41   52   67
   83   98  111  121  130  138  146  154  162  172  182  192  201  210  215  217
  214  208  201  194  188  183  176  166  156  145  138  132  128  123  115  105
   95   85   78   72   68   66   66   67   69
    40.0-180.0 180.0   5.0 450.0                            LAT/LON1/LON2/DLON/H
   61   66   72   79   83   83   79   71   64   60   59   60   60   58   54   50
   48   48   49   50   52   53   55   56   55   52   47   42   43   49   62   77
   93  107  119  129  138  147  155  163  171  181  190  200  210  218  224  226
  222  215  206  197  190  184  177  166  154  143  135  130  126  120  111  100
   89   79   72   66   62   60   58   59   61
    37.5-180.0 180.0   5.0 450.0                            LAT/LON1/LON2/DLON/H
   50   55   63   73   81   85   84   78   73   71   72   75   77   75   70   65
   61   59   60   61   62   63   64   64   62   57   51   47   48   56   70   86
  102  116  127  137  147  155  164  172  181  189  198  207  215  224  230  233
  231  224  214  206  199  194  186  175  162  151  144  141  137  130  117  103
   88   77   68   61   56   52   49   48   50
    35.0-180.0 180.0   5.0 450.0                            LAT/LON1/LON2/DLON/H
   40   43   51   62   73   80   82   80   77   77   82   87   91   91   87   80
   74   71   70   70   70   70   69   67   64   58   52   49   52   62   77   94
  110  124  135  145  155  165  174  182  190  198  206  213  220  228  236  241
  242  238  232  226  221  217  211  200  187  178  173  172  168  159  142  122
  102   86   74   64   56   49   43   40   40
    32.5-180.0 180.0   5.0 450.0                            LAT/LON1/LON2/DLON/H
   36   36   41   50   61   70   75   76   76   79   86   95  102  104  100   94
   87   82   78   76   75   73   70   67   63   57   52   50   55   66   83  101
  117  131  143  155  165  175  184  193  201  208  214  220  226  234  244  253
  260  262  261  260  260  259  255  246  235  228  226  227  224  212  189  162
  135  113   96   82   70   58   48   41   36
    30.0-180.0 180.0   5.0 450.0                            LAT/LON1/LON2/DLON/H
   43   37   36   41   49   58   64   67   70   76   85   96  106  110  109  104
   97   90   85   81   77   73   69   65   61   55   51   51   57   70   88  106
  123  138  152  165  177  187  196  204  212  219  225  230  235  244  257  273
  286  296  302  308  314  318  317  311  302  298  300  304  301  285  257  222
  189  161  138  118  100   83   67   54   43
    27.5-180.0 180.0   5.0 450.0                            LAT/LON1/LON2/DLON/H
   63   49   41   39   42   48   54   58   63   69   79   91  103  110  112  109
  103   96   90   84   79   73   68   64   59   55   52   53   60   74   92  110
  129  146  163  178  191  201  210  218  226  233  239  244  251  262  279  301
  322  339  353  364  376  385  388  385  380  380  385  391  387  368  335  295
  256  223  195  170  146  122  101   81   63
    25.0-180.0 180.0   5.0 450.0                            LAT/LON1/LON2/DLON/H
   94   73   56   45   41   43   48   52   57   62   71   82   94  104  109  109
  105   99   93   87   80   74   69   64   61   57   54   55   63   77   94  114
  133  154  173  192  206  218  226  234  243  252  259  266  274  288  310  337
  364  387  405  421  437  450  457  457  455  458  465  471  467  446  410  367
  325  289  258  228  200  171  144  118   94
    22.5-180.0 180.0   5.0 450.0                            LAT/LON1/LON2/DLON/H
  133  105   80   61   50   47   49   52   56   60   65   73   83   93  100  103
  102   98   94   88   82   76   71   67   64   60   57   58   65   78   96  116
  137  161  184  206  223  235  245  253  263  274  284  294  305  322  348  378
  409  433  452  469  486  500  509  511  512  516  524  530  525  503  467  425
  384  348  315  284  253  221  191  162  133
    20.0-180.0 180.0   5.0 450.0                            LAT/LON1/LON2/DLON/H
  173  141  110   84   67   59   59   62   64   65   66   68   74   82   89   94
   95   94   92   88   83   79   75   72   68   63   59   59   65   78   96  116
  140  167  194  220  240  254  265  275  287  300  314  327  342  362  389  421
  450  472  487  500  514  527  535  539  540  545  552  556  549  528  495  457
  420  387  356  325  294  263  233  203  173
    17.5-180.0 180.0   5.0 450.0                            LAT/LON1/LON2/DLON/H
  209  177  143  112   90   79   77   80   81   79   74   70   70   73   79   83
   86   87   87   86   84   81   79   76   71   64   58   57   64   77   95  117
  142  172  203  232  255  272  286  298  312  329  346  363  381  403  430  458
  482  497  505  511  519  528  534  537  538  541  545  546  538  519  492  461
  430  401  373  345  318  291  265  238  209
    15.0-180.0 180.0   5.0 450.0                            LAT/LON1/LON2/DLON/H
  238  208  173  141  116  104  102  105  107  102   92   81   74   71   72   74
   77   79   81   83   83   82   81   78   72   63   56   54   62   77   96  118
  145  176  209  241  268  289  306  321  338  357  377  397  417  439  464  487
  503  509  507  504  505  508  511  511  510  510  511  509  500  484  464  442
  418  393  368  343  321  301  283  263  238
    12.5-180.0 180.0   5.0 450.0                            LAT/LON1/LON2/DLON/H
  258  232  199  167  142  130  130  135  136  131  117  100   86   76   71   69
   69   71   75   78   80   82   81   78   71   60   52   51   60   77   98  122
  148  180  214  248  278  303  323  342  361  382  404  425  446  467  488  505
  512  508  497  487  481  479  478  475  471  468  465  459  450  439  427  412
  394  371  346  325  308  297  287  276  258
    10.0-180.0 180.0   5.0 450.0                            LAT/LON1/LON2/DLON/H
  270  249  220  189  166  155  156  163  166  160  145  124  104   88   76   69
   66   66   69   73   77   79   80   76   68   56   48   48   61   81  104  128
  154  184  218  253  285  313  337  359  380  402  423  445  465  484  500  510
  510  500  484  468  459  454  449  442  436  430  423  416  408  401  396  388
  372  348  321  300  288  284  284  281  270
     7.5-180.0 180.0   5.0 450.0                            LAT/LON1/LON2/DLON/H
  276  259  234  206  184  175  178  186  191  186  171  149  125  104   87   74
   67   65   66   69   73   76   77   74   65   54   46   49   65   89  114  138
  162  190  222  255  288  318  345  370  392  413  434  454  472  487  499  505
  501  489  473  459  449  443  436  427  418  409  402  394  388  386  387  382
  365  336  305  281  270  271  277  281  276
     5.0-180.0 180.0   5.0 450.0                            LAT/LON1/LON2/DLON/H
  278  265  243  218  199  191  194  202  207  204  190  170  146  122  101   84
   73   68   67   68   71   74   75   72   64   53   47   53   73   99  126  150
  172  197  226  256  288  319  348  374  396  417  436  454  469  480  489  492
  489  481  470  462  457  452  444  434  423  414  407  400  398  400  405  401
  380  345  305  275  262  264  273  280  278
     2.5-180.0 180.0   5.0 450.0                            LAT/LON1/LON2/DLON/H
  279  268  249  227  209  202  204  211  215  212  201  184  161  137  115   96
   82   74   70   69   70   72   74   72   65   56   52   61   83  111  139  162
  182  204  229  257  286  316  345  371  393  413  430  445  457  466  473  477
  478  477  477  478  481  480  472  461  450  442  437  434  434  440  446  442
  417  373  325  287  268  267  273  280  279
