interface/IONEXdata/CODG3050.22I
     1.0            IONOSPHERE MAPS     GNSS                IONEX VERSION / TYPE
ADDNEQ2 V5.5        AIUB                05-NOV-22 23:16     PGM / RUN BY / DATE 
CODE'S GLOBAL IONOSPHERE MAPS FOR DAY 305, 2022             COMMENT             
Global ionosphere maps (GIM) are generated on a daily basis DESCRIPTION         
at CODE using data from about 300 GNSS sites of the IGS and DESCRIPTION         
other institutions. The vertical total electron content     DESCRIPTION         
(VTEC) is modeled in a solar-geomagnetic reference frame    DESCRIPTION         
using a spherical harmonics expansion up to degree and      DESCRIPTION         
order 15. Piece-wise linear functions are used for          DESCRIPTION         
representation in the time domain. The time spacing of      DESCRIPTION         
their vertices is 1 hour, conforming with the epochs of the DESCRIPTION         
VTEC maps.                                                  DESCRIPTION         
To convert line-of-sight TEC into vertical TEC, a modified  DESCRIPTION         
single-layer model mapping function approximating the JPL   DESCRIPTION         
extended slab model mapping function is adopted. The        DESCRIPTION         
mapping function is evaluated at geodetic satellite         DESCRIPTION         
elevation angles. For the computation of the ionospheric    DESCRIPTION         
pierce points, a spherical layer with a radius of 6821 km   DESCRIPTION         
is assumed, implying geocentric, not geodetic IONEX         DESCRIPTION         
latitudes.                                                  DESCRIPTION         
Instrumental biases with respect to each involved GNSS code DESCRIPTION         
observable are estimated as constant values for each        DESCRIPTION         
day. They are modeled with one set of bias parameters for   DESCRIPTION         
each satellite and each station in case of GPS and for each DESCRIPTION         
satellite-station link in case of GLONASS. The code bias    DESCRIPTION         
datum is defined by zero-mean conditions imposed on the     DESCRIPTION         
satellite bias estimates. In this file, just GPS C1W-C2W    DESCRIPTION         
satellite and station bias values are included. The         DESCRIPTION         
complete set of GNSS code bias results is provided in an    DESCRIPTION         
additional Bias-SINEX file as pseudo-absolute values        DESCRIPTION         
specific to each observable.                                DESCRIPTION         
Note: These GIM results correspond to the results for the   DESCRIPTION         
middle day of a 3-day combination analysis solving for 73   DESCRIPTION         
times 256, or 18688 VTEC parameters and 3 daily sets of     DESCRIPTION         
GNSS code bias parameters.                                  DESCRIPTION         
Contact address: code(at)aiub.unibe.ch                      DESCRIPTION         
Data archive:    ftp.aiub.unibe.ch/CODE/                    DESCRIPTION         
                 www.aiub.unibe.ch/download/CODE/           DESCRIPTION         
  2022    11     1     0     0     0                        EPOCH OF FIRST MAP  
  2022    11     2     0     0     0                        EPOCH OF LAST MAP   
  3600                                                      INTERVAL            
[...]
bake bako barh bndy boav bogo bogt bor1 braz brst brux bshm COMMENT             
cags cas1 ccj2 cedu chpg chpi chti chur ckis cnmr coco cord COMMENT             
cpvg cpxf crar cro1 daej darw dgar dhlg drao dubo ebre faa1 COMMENT             
fair flrs frdn ftna func ganp glps gode godz gol2 gold gope COMMENT             
gras graz guam guug harb hers hert hlfx hnlc hob2 hofn holb COMMENT             
hrao hyde iddr ieng iisc ineg invk iqal irkj isba joz2 joze COMMENT             
karr kerg kir0 kiru kit3 kokb kokv koug kour krgg laut lmmf COMMENT             
lpal lpgs m0se mac1 madr mal2 mana mas1 mat1 mate maw1 mcm4 COMMENT             
mdo1 mdvj medi mets mgue mizu mkea mnls mobs monp morp mqzg COMMENT             
mro1 mtka nano nico nist nklg nlib nnor not1 nrc1 ntus nya1 COMMENT             
nyal ohi2 onsa ous2 pado park pdel penc pert pie1 pimo pol2 COMMENT             
polv pots pove prds ptbb qaq1 quin rabt ramo reun reyk rgdg COMMENT             
rio2 riop roth salu samo sant savo sch2 scor scrz sctb scub COMMENT             
seyg smst sofi spt0 ssia sthl stjo stk2 suth sutm suwn syog COMMENT             
tabl tabv tash thtg thti thu2 tid1 tidb tlse tn22 tong tro1 COMMENT             
tsea tskb twtf txes uclu ufpr ulab unb3 unbj unsa urum usn7 COMMENT             
usud vald vill voim vtsp wab1 wab2 wark wgtn whit will wind COMMENT             
wsrt wtza wtzl wtzr wtzs wtzz wuhn xmis yar2 yarr yell zamb COMMENT             
zeck zim2 zim3 zimm                                         COMMENT             
                                                            END OF HEADER       
[from data line 9438]
    23                                                      START OF TEC MAP    
  2022    11     1    22     0     0                        EPOCH OF CURRENT MAP
    87.5-180.0 180.0   5.0 450.0                            LAT/LON1/LON2/DLON/H
  133  134  136  138  140  142  144  145  147  148  149  151  151  152  152  152
  152  152  152  151  150  149  147  146  144  143  141  139  137  135  134  132
  130  128  127  125  124  122  121  120  118  117  117  116  115  115  114  114
  113  113  113  113  113  113  114  114  114  115  115  116  117  117  118  119
  120  122  123  124  126  127  129  131  133
    85.0-180.0 180.0   5.0 450.0                            LAT/LON1/LON2/DLON/H
  123  126  130  135  139  144  148  152  156  160  163  166  168  170  171  171
  170  169  168  166  163  160  157  153  150  146  142  138  135  131  128  125
  121  118  116  113  110  108  106  104  103  101  100   99   98   97   97   97
   97   97   97   97   97   98   98   98   99   99   99  100  100  101  102  102
  103  105  106  108  110  113  116  119  123
    82.5-180.0 180.0   5.0 450.0                            LAT/LON1/LON2/DLON/H
  105  111  117  123  131  138  146  153  161  167  173  178  182  184  186  185
  184  182  178  174  169  164  158  152  147  141  136  131  126  122  118  114
  110  107  104  101   98   95   93   91   89   87   86   85   84   84   83   84
   84   85   85   86   86   87   87   87   87   86   86   86   85   85   85   85
   85   86   87   88   90   93   96  100  105
    80.0-180.0 180.0   5.0 450.0                            LAT/LON1/LON2/DLON/H
   86   93  100  109  118  129  139  151  161  171  180  187  192  195  196  195
  192  187  181  174  166  158  150  142  135  129  123  118  113  109  106  103
  100   97   95   92   90   87   85   82   80   78   76   75   74   74   75   75
   76   77   79   79   80   80   80   80   79   77   76   74   73   71   70   69
   68   68   69   70   71   74   77   81   86
    77.5-180.0 180.0   5.0 450.0                            LAT/LON1/LON2/DLON/H
   73   79   87   96  107  120  133  147  161  174  185  194  200  202  202  199
  193  185  176  166  155  145  135  126  118  112  106  102   98   96   94   93
   92   91   90   88   86   84   81   79   76   73   71   70   69   70   70   72
   73   75   76   77   78   78   77   75   73   71   68   65   62   60   58   57
   57   56   57   58   60   62   65   68   73
    75.0-180.0 180.0   5.0 450.0                            LAT/LON1/LON2/DLON/H
   73   78   84   93  103  116  131  147  163  178  191  200  206  207  205  199
  189  178  165  152  140  128  117  107   99   93   88   85   83   83   83   84
   85   86   86   86   85   83   81   78   75   72   70   68   68   68   69   71
   73   75   77   78   78   77   75   72   68   64   61   57   54   52   51   50
   51   53   55   57   60   63   65   69   73
    72.5-180.0 180.0   5.0 450.0                            LAT/LON1/LON2/DLON/H
   87   90   94  101  110  121  136  153  170  186  199  208  213  212  206  197
  184  169  153  138  124  111  100   91   83   77   73   71   70   70   72   74
   77   79   81   82   81   80   78   76   73   71   69   67   67   68   69   72
   74   76   78   78   78   75   72   68   63   58   53   49   47   45   46   48
   51   56   61   67   72   77   81   84   87
    70.0-180.0 180.0   5.0 450.0                            LAT/LON1/LON2/DLON/H
  113  115  117  120  126  135  148  164  181  197  210  219  221  218  209  196
  179  162  145  129  114  101   90   81   73   67   62   59   58   59   60   63
   66   69   71   72   73   73   72   70   68   67   65   65   65   66   68   71
   74   76   77   77   75   72   67   61   55   49   45   42   40   41   44   49
   56   64   74   84   93  101  107  111  113
    67.5-180.0 180.0   5.0 450.0                            LAT/LON1/LON2/DLON/H
  147  147  147  147  149  156  166  180  196  211  223  230  231  225  213  198
  179  161  143  127  113  100   89   80   71   63   57   52   49   48   49   50
   53   55   57   58   59   59   60   60   59   59   59   60   61   63   65   68
   70   72   73   72   69   64   59   53   46   41   37   35   35   38   43   51
   62   74   88  102  116  128  137  144  147
    65.0-180.0 180.0   5.0 450.0                            LAT/LON1/LON2/DLON/H
  179  180  178  176  175  178  186  197  211  225  236  241  240  233  220  204
  186  167  151  136  122  110   99   87   76   66   57   50   45   41   40   39
   40   40   40   41   41   42   44   46   47   49   51   53   55   57   59   61
   63   65   64   63   59   55   49   43   38   33   31   31   33   37   45   54
   67   81   98  116  134  150  164  173  179
    62.5-180.0 180.0   5.0 450.0                            LAT/LON1/LON2/DLON/H
  202  206  205  202  199  199  204  213  224  236  245  249  248  241  229  214
  198  182  167  153  141  128  115  101   87   74   62   53   45   40   37   34
   32   29   27   26   25   26   29   32   36   40   43   46   48   50   51   53
   54   54   53   51   48   44   39   34   31   28   28   30   34   39   47   58
   70   85  102  122  142  162  180  194  202
    60.0-180.0 180.0   5.0 450.0                            LAT/LON1/LON2/DLON/H
  215  222  224  222  219  217  219  225  234  243  250  253  252  246  237  226
  214  202  189  177  164  150  134  118  102   86   72   62   53   47   42   38
   32   27   22   18   16   16   19   23   28   33   37   40   42   43   43   43
   43   42   41   40   37   34   32   29   28   28   29   33   38   44   52   61
   72   86  102  120  141  163  184  202  215
    57.5-180.0 180.0   5.0 450.0                            LAT/LON1/LON2/DLON/H
  217  229  235  236  234  232  232  235  240  246  250  252  251  249  244  239
  232  223  213  201  187  171  153  134  116  100   86   76   69   63   58   51
   43   35   26   20   16   16   18   23   28   33   37   39   40   39   38   36
   34   33   32   31   30   30   29   29   30   32   35   40   45   52   59   67
   75   86   99  115  135  156  179  200  217
    55.0-180.0 180.0   5.0 450.0                            LAT/LON1/LON2/DLON/H
  214  231  242  248  248  247  246  246  247  248  248  248  248  249  249  250
  248  243  234  222  206  188  168  149  130  115  103   95   90   85   80   72
   62   51   40   32   27   25   27   30   34   38   41   42   41   39   36   33
   31   30   29   29   30   32   33   36   38   41   44   49   55   61   68   74
   81   89   99  112  129  149  171  193  214
    52.5-180.0 180.0   5.0 450.0                            LAT/LON1/LON2/DLON/H
  212  233  250  260  264  264  262  259  256  252  247  244  244  247  253  258
  260  257  249  236  220  200  180  161  144  131  122  117  113  110  104   94
   83   70   58   49   44   42   42   44   46   48   49   49   47   44   40   36
   34   33   34   36   38   41   45   48   51   53   56   60   65   71   78   85
   91   98  106  117  130  147  167  189  212
    50.0-180.0 180.0   5.0 450.0                            LAT/LON1/LON2/DLON/H
  216  240  261  275  283  285  284  279  271  262  252  245  244  248  256  263
  268  266  258  245  228  210  190  173  158  148  141  137  134  130  122  110
   97   84   73   65   62   60   60   60   60   60   60   58   56   53   49   46
   45   45   46   49   53   57   61   64   66   67   68   70   74   81   90   98
  106  114  123  133  143  156  173  193  216
    47.5-180.0 180.0   5.0 450.0                            LAT/LON1/LON2/DLON/H
  228  253  276  294  305  309  309  303  293  279  265  254  250  253  261  269
  273  270  263  251  236  220  203  187  173  164  158  153  147  140  129  115
  100   88   80   76   75   76   76   75   73   71   70   69   67   65   63   61
   60   62   65   68   72   76   80   82   82   80   79   79   83   91  102  114
  125  137  148  158  167  177  189  206  228
    45.0-180.0 180.0   5.0 450.0                            LAT/LON1/LON2/DLON/H
  245  269  293  313  326  333  334  329  319  303  286  271  264  265  271  276
  277  274  267  258  247  234  219  204  190  178  169  160  150  138  123  107
   92   82   77   78   82   86   88   86   83   80   78   78   79   79   78   77
   78   81   84   88   91   94   96   97   96   92   88   87   91  102  116  131
  147  162  176  189  199  206  213  226  245
    42.5-180.0 180.0   5.0 450.0                            LAT/LON1/LON2/DLON/H
  264  285  309  328  342  350  354  352  344  330  312  296  286  284  286  287
  285  280  276  272  266  255  240  222  204  188  173  159  144  127  109   92
   79   72   71   77   85   92   95   94   90   86   85   86   89   91   92   93
   94   97  101  103  105  106  107  108  105  100   95   94   99  112  130  149
  168  186  204  219  230  235  240  248  264
    40.0-180.0 180.0   5.0 450.0                            LAT/LON1/LON2/DLON/H
  280  298  319  337  350  359  365  368  364  354  338  323  313  308  305  302
  296  292  291  293  291  282  264  240  215  191  170  151  133  115   98   83
   73   68   70   78   88   97  101  100   96   92   91   94   98  102  103  103
  104  107  109  110  110  110  111  111  110  105  100  100  108  124  145  167
  187  207  226  243  255  260  262  267  280
    37.5-180.0 180.0   5.0 450.0                            LAT/LON1/LON2/DLON/H
  291  307  325  339  349  357  366  373  376  371  360  348  339  333  328  320
  312  309  313  320  322  311  286  253  218  188  164  144  128  114  103   94
   87   85   86   91   99  106  110  108  104  100   99  102  106  109  109  107
  107  108  109  108  106  105  106  108  109  107  104  106  117  137  161  184
  203  221  240  257  269  274  276  280  291
    35.0-180.0 180.0   5.0 450.0                            LAT/LON1/LON2/DLON/H
  300  315  329  338  344  351  360  371  379  380  376  368  362  356  349  339
  331  330  339  350  352  336  301  258  216  183  160  145  138  135  136  136
  134  130  126  123  122  123  124  122  117  111  109  111  113  114  111  106
  102  101  100   98   95   94   96  101  105  107  107  112  127  150  177  200
  217  231  246  262  274  280  283  289  300
    32.5-180.0 180.0   5.0 450.0                            LAT/LON1/LON2/DLON/H
  311  326  338  343  345  348  356  367  378  385  385  382  378  374  366  356
  349  351  364  377  375  350  306  254  210  181  166  164  172  187  203  214
  216  207  191  172  158  149  144  140  134  127  123  121  121  117  110  101
   94   90   88   85   81   80   84   92  100  105  109  117  135  163  192  214
  229  238  248  261  273  281  288  298  311
    30.0-180.0 180.0   5.0 450.0                            LAT/LON1/LON2/DLON/H
  333  350  361  363  360  359  363  373  383  390  393  392  390  386  379  370
  364  369  383  394  386  353  301  248  209  191  192  207  234  268  300  321
  323  305  272  234  201  180  169  162  155  146  138  133  129  122  110   97
   86   80   77   74   70   69   74   84   96  104  111  121  142  173  205  228
  240  246  252  262  273  285  298  314  333
    27.5-180.0 180.0   5.0 450.0                            LAT/LON1/LON2/DLON/H
  369  391  403  403  398  393  392  396  401  406  407  405  401  395  388  380
  376  381  393  400  385  344  291  245  221  221  241  275  319  368  413  439
  437  407  355  296  244  209  192  183  175  164  153  145  138  129  114   98
   85   77   74   71   67   66   71   82   95  105  112  123  146  179  215  241
  253  257  260  269  282  299  319  343  369
    25.0-180.0 180.0   5.0 450.0                            LAT/LON1/LON2/DLON/H
  422  449  464  467  462  454  447  443  440  438  433  426  417  407  397  388
  384  388  396  395  374  332  286  256  255  277  315  361  414  471  519  543
  534  490  421  343  276  231  208  199  191  179  166  156  149  140  125  107
   93   86   83   80   76   73   76   86   98  106  113  124  147  183  222  252
  268  273  277  287  303  326  354  387  422
    22.5-180.0 180.0   5.0 450.0                            LAT/LON1/LON2/DLON/H
  486  520  541  548  547  539  527  513  501  490  478  463  445  427  412  401
  394  394  395  387  361  325  295  290  314  357  405  453  503  554  594  609
  589  534  453  366  290  240  216  207  200  188  175  167  162  155  142  126
  113  106  104  101   95   90   90   96  104  110  114  123  146  184  227  262
  283  293  302  315  336  365  401  444  486
    20.0-180.0 180.0   5.0 450.0                            LAT/LON1/LON2/DLON/H
  554  594  621  636  641  636  621  600  579  560  540  516  487  460  437  421
  410  404  397  382  358  333  325  348  397  453  499  534  566  598  620  620
  588  527  446  360  286  237  215  209  203  192  181  176  176  174  165  152
  142  136  134  130  123  114  109  109  112  114  116  124  146  184  231  271
  299  316  331  350  377  412  455  505  554
    17.5-180.0 180.0   5.0 450.0                            LAT/LON1/LON2/DLON/H
  613  658  692  716  730  730  715  689  662  639  614  583  544  506  475  453
  436  423  409  391  372  363  380  429  494  549  579  587  588  591  589  570
  530  472  402  331  270  231  213  209  204  194  186  186  191  195  191  182
  174  171  168  163  153  140  129  123  120  119  119  126  148  187  235  280
  314  338  360  386  419  459  507  560  613
    15.0-180.0 180.0   5.0 450.0                            LAT/LON1/LON2/DLON/H
  656  703  743  776  800  807  794  767  738  714  690  655  609  562  524  496
  475  455  436  419  409  417  456  521  589  630  629  600  565  535  506  472
  429  384  338  294  256  229  217  213  207  198  192  196  206  214  214  209
  204  202  200  192  178  162  147  135  127  123  123  131  153  192  241  288
  326  356  385  418  455  498  548  602  656
    12.5-180.0 180.0   5.0 450.0                            LAT/LON1/LON2/DLON/H
  677  724  768  808  841  856  846  820  794  775  755  722  674  623  580  549
  524  501  481  467  467  490  542  611  666  678  639  570  499  442  393  349
  312  288  276  267  255  243  235  228  219  207  202  208  221  231  232  229
  226  225  222  211  195  176  158  143  132  127  128  138  162  201  249  297
  336  370  404  441  482  526  574  626  677
    10.0-180.0 180.0   5.0 450.0                            LAT/LON1/LON2/DLON/H
  678  723  768  813  853  873  868  845  824  813  801  774  729  679  637  606
  580  557  538  530  539  571  624  681  711  685  606  503  409  336  279  234
  209  212  237  264  278  278  270  257  240  224  217  222  234  242  242  239
  238  237  231  218  200  181  163  147  136  131  134  147  173  212  259  305
  343  378  415  455  497  540  584  631  678
     7.5-180.0 180.0   5.0 450.0                            LAT/LON1/LON2/DLON/H
  666  708  751  798  842  865  862  844  829  826  823  805  767  723  686  659
  636  616  602  600  615  647  689  722  715  651  540  417  316  244  192  156
  147  177  235  292  327  333  321  298  272  248  237  239  247  249  245  239
  238  237  229  214  195  177  162  148  138  135  140  157  185  225  270  312
  348  382  419  461  503  543  583  625  666
     5.0-180.0 180.0   5.0 450.0                            LAT/LON1/LON2/DLON/H
  651  688  730  776  819  843  842  826  816  819  824  814  785  751  723  704
  686  671  662  666  683  706  728  728  685  588  458  334  246  192  156  135
  142  193  273  350  395  400  379  345  308  276  259  256  257  252  242  233
  231  228  218  201  182  168  158  149  141  139  147  166  196  236  279  318
  351  383  419  461  502  541  577  613  651
     2.5-180.0 180.0   5.0 450.0                            LAT/LON1/LON2/DLON/H
  639  675  714  758  798  821  820  806  798  804  812  807  787  764  747  736
  725  715  712  720  733  743  739  707  632  515  383  277  217  194  182  176
  194  254  343  425  468  466  433  388  341  304  281  272  266  253  236  224
  220  216  204  184  167  158  154  150  145  145  154  174  205  244  285  322
  352  381  416  458  499  536  570  604  639
