interface/IONEXdata/CODG0210.22I
     1.0            IONOSPHERE MAPS     GNSS                IONEX VERSION / TYPE
ADDNEQ2 V5.3        AIUB                04-FEB-22 12:23     PGM / RUN BY / DATE 
CODE'S GLOBAL IONOSPHERE MAPS FOR DAY 021, 2022             COMMENT             
Global ionosphere maps (GIM) are generated on a daily basis DESCRIPTION         
at CODE using data from about 300 GNSS sites of the IGS and DESCRIPTION         
other institutions. The vertical total electron content     DESCRIPTION         
(VTEC) is modeled in a solar-geomagnetic reference frame    DESCRIPTION         
using a spherical harmonics expansion up to degree and      DESCRIPTION         
order 15. Piece-wise linear functions are used for          DESCRIPTION         
representation in the time domain. The time spacing of      DESCRIPTION         
their vertices is 1 hour, conforming with the epochs of the DESCRIPTION         
VTEC maps.                                                  DESCRIPTION         
To convert line-of-sight TEC into vertical TEC, a modified  DESCRIPTION         
single-layer model mapping function approximating the JPL   DESCRIPTION         
extended slab model mapping function is adopted. The        DESCRIPTION         
mapping function is evaluated at geodetic satellite         DESCRIPTION         
elevation angles. For the computation of the ionospheric    DESCRIPTION         
pierce points, a spherical layer with a radius of 6821 km   DESCRIPTION         
is assumed, implying geocentric, not geodetic IONEX         DESCRIPTION         
latitudes.                                                  DESCRIPTION         
Instrumental biases with respect to each involved GNSS code DESCRIPTION         
observable are estimated as constant values for each        DESCRIPTION         
day. They are modeled with one set of bias parameters for   DESCRIPTION         
each satellite and each station in case of GPS and for each DESCRIPTION         
satellite-station link in case of GLONASS. The code bias    DESCRIPTION         
datum is defined by zero-mean conditions imposed on the     DESCRIPTION         
satellite bias estimates. In this file, just GPS C1W-C2W    DESCRIPTION         
satellite and station bias values are included. The         DESCRIPTION         
complete set of GNSS code bias results is provided in an    DESCRIPTION         
additional Bias-SINEX file as pseudo-absolute values        DESCRIPTION         
specific to each observable.                                DESCRIPTION         
Note: These GIM results correspond to the results for the   DESCRIPTION         
middle day of a 3-day combination analysis solving for 73   DESCRIPTION         
times 256, or 18688 VTEC parameters and 3 daily sets of     DESCRIPTION         
GNSS code bias parameters.                                  DESCRIPTION         
Contact address: code(at)aiub.unibe.ch                      DESCRIPTION         
Data archive:    ftp.aiub.unibe.ch/CODE/                    DESCRIPTION         
                 www.aiub.unibe.ch/download/CODE/           DESCRIPTION         
  2022     1    21     0     0     0                        EPOCH OF FIRST MAP  
  2022     1    22     0     0     0                        EPOCH OF LAST MAP   
  3600                                                      INTERVAL            
[...]
badg bake bako barh bjfs bndy bogo bogt bor1 braz brft brst COMMENT             
brux bshm cags cas1 ccj2 cedu chpg chpi chti chur ckis coco COMMENT             
cord cpvg cro1 daej darw dav1 dgar dhlg drao dubo ebre faa1 COMMENT             
fair flin flrs frdn ftna func ganp glps glsv gode godz gol2 COMMENT             
gold gope gras graz guug harb hers hert hlfx hnpt hob2 hofn COMMENT             
holb hrao hyde ieng iisc invk iqal isba joz2 joze karr kerg COMMENT             
kir0 kiru kit3 kokb kokv koug kour krgg laut lmmf lpal lpgs COMMENT             
m0se mac1 madr mal2 mana mas1 mat1 mate maw1 mcil mcm4 mdo1 COMMENT             
mdvj medi mets mgue mizu mkea mobj mobs monp morp mqzg mro1 COMMENT             
mtka nano nico nist nklg nlib nnor not1 nrc1 ntus nya1 nyal COMMENT             
ohi2 onsa opmt ous2 pado parc park pdel penc pie1 pimo pohn COMMENT             
pol2 polv pots pove prds ptbb qaq1 quin rabt ramo reun reyk COMMENT             
rgdg rio2 riop salu samo sant savo sch2 scor scrz sctb scub COMMENT             
seyg sofi spt0 sthl stjo stk2 str2 suth sutm suwn sydn syog COMMENT             
tabl tabv tash tehn thtg thti thu2 tid1 tidb tixg tlse tow2 COMMENT             
tro1 tsea tskb tuva twtf uclu ufpr ulab unb3 unbj unbn urum COMMENT             
usn7 usud vald vill voim wab2 wark wes2 wgtn whit will wind COMMENT             
wsrt wtza wtzl wtzr wtzs wtzz wuhn xmis yakt yar2 yar3 yarr COMMENT             
yell ykro yssk zamb zeck zim2 zim3 zimm                     COMMENT             
                                                            END OF HEADER       
[from data line 1287]
     4                                                      START OF TEC MAP    
  2022     1    21     3     0     0                        EPOCH OF CURRENT MAP
    87.5-180.0 180.0   5.0 450.0                            LAT/LON1/LON2/DLON/H
   29   28   28   28   28   28   28   28   27   27   27   27   27   27   27   27
   27   27   27   27   27   27   27   27   27   27   27   28   28   28   29   29
   30   30   31   31   32   32   33   33   34   34   34   34   35   35   35   35
   35   35   35   35   34   34   34   34   33   33   33   33   32   32   32   31
   31   31   30   30   30   29   29   29   29
    85.0-180.0 180.0   5.0 450.0                            LAT/LON1/LON2/DLON/H
   24   24   24   24   24   23   23   23   23   24   24   24   24   23   23   23
   23   23   22   22   21   21   21   20   20   20   20   21   21   22   22   23
   24   26   27   28   30   31   32   33   34   35   36   36   36   36   36   36
   36   36   35   35   34   34   33   32   32   31   30   30   29   29   28   28
   27   27   26   26   26   25   25   25   24
    82.5-180.0 180.0   5.0 450.0                            LAT/LON1/LON2/DLON/H
   20   20   20   19   19   19   19   20   20   20   21   21   22   22   22   22
   21   21   20   19   18   16   15   14   13   13   12   12   13   13   15   16
   18   20   22   24   27   29   31   32   34   35   35   36   36   36   35   34
   34   33   32   31   30   29   28   27   27   26   26   25   25   25   24   24
   24   23   23   23   22   22   21   21   20
    80.0-180.0 180.0   5.0 450.0                            LAT/LON1/LON2/DLON/H
   19   18   18   17   17   17   17   17   18   19   20   21   21   22   23   23
   22   22   20   19   17   15   13   11    9    7    6    5    6    6    8   10
   12   15   18   21   24   27   29   31   32   33   33   33   33   32   31   29
   28   26   25   24   23   22   22   21   21   21   21   21   22   22   22   22
   23   23   23   22   22   21   21   20   19
    77.5-180.0 180.0   5.0 450.0                            LAT/LON1/LON2/DLON/H
   23   21   19   18   17   16   16   16   17   18   19   21   22   24   25   25
   25   25   24   22   20   17   14   11    8    5    4    3    2    3    4    6
    9   12   16   19   22   25   28   29   30   30   30   29   27   26   24   22
   20   18   17   16   16   16   16   17   17   19   20   21   22   23   25   26
   26   27   27   27   27   26   25   24   23
    75.0-180.0 180.0   5.0 450.0                            LAT/LON1/LON2/DLON/H
   31   28   26   23   21   19   18   18   18   19   20   21   23   25   27   28
   28   29   28   26   24   21   18   15   11    8    6    4    4    4    5    7
   10   13   16   19   22   24   26   27   27   27   25   23   21   18   16   13
   12   11   10   10   11   12   14   16   19   21   24   26   28   31   33   34
   36   37   38   38   38   37   35   33   31
    72.5-180.0 180.0   5.0 450.0                            LAT/LON1/LON2/DLON/H
   43   39   35   32   28   25   23   21   21   21   21   22   23   25   27   28
   30   31   31   30   29   27   24   20   17   14   12   10    9    9   10   11
   13   16   18   20   22   23   24   24   23   22   20   17   14   11    9    7
    6    6    7    8   11   14   18   22   26   30   34   37   40   43   46   48
   50   51   52   52   52   51   49   46   43
    70.0-180.0 180.0   5.0 450.0                            LAT/LON1/LON2/DLON/H
   56   51   47   42   37   33   29   27   25   24   23   23   23   24   25   26
   28   30   31   32   32   30   28   26   23   21   19   17   17   16   17   17
   18   19   19   20   20   21   20   20   18   16   14   11    9    6    4    3
    3    5    8   12   16   22   28   34   39   44   49   53   56   59   62   63
   65   66   67   67   67   65   63   60   56
    67.5-180.0 180.0   5.0 450.0                            LAT/LON1/LON2/DLON/H
   67   62   57   51   45   41   36   33   30   27   25   23   22   21   21   22
   24   27   29   31   32   31   30   29   27   26   24   24   23   23   22   22
   21   20   19   18   17   16   15   14   13   11   10    8    6    4    3    3
    5    8   13   19   26   34   41   49   56   62   67   71   74   76   78   79
   80   80   80   80   79   78   75   72   67
    65.0-180.0 180.0   5.0 450.0                            LAT/LON1/LON2/DLON/H
   75   70   64   58   52   47   42   38   35   31   28   24   21   18   16   17
   18   21   25   27   29   29   29   28   27   27   27   27   27   26   25   24
   22   19   16   14   12   11   10    9    8    8    7    6    6    5    6    7
   10   15   21   29   37   47   56   65   72   79   83   87   89   90   91   91
   91   90   90   89   87   86   83   79   75
    62.5-180.0 180.0   5.0 450.0                            LAT/LON1/LON2/DLON/H
   79   73   68   62   56   51   46   43   39   35   31   26   21   16   13   12
   14   16   20   23   25   25   25   24   24   24   25   26   27   26   25   23
   20   16   12    9    7    5    5    5    5    6    7    8    9   10   11   13
   17   22   29   38   48   58   68   78   86   92   97  100  101  101  100   99
   97   96   94   93   91   89   86   83   79
    60.0-180.0 180.0   5.0 450.0                            LAT/LON1/LON2/DLON/H
   80   75   70   64   58   53   48   45   42   38   34   28   22   16   12   10
   11   14   17   20   21   20   19   18   17   18   20   22   24   24   23   20
   17   13    9    6    4    3    3    4    5    7   10   12   14   15   17   19
   23   29   36   45   55   66   76   86   94  100  105  107  108  107  105  103
  101   98   96   94   92   90   87   84   80
    57.5-180.0 180.0   5.0 450.0                            LAT/LON1/LON2/DLON/H
   82   77   72   66   60   54   49   46   43   40   36   31   25   18   13   11
   12   14   17   18   18   16   14   12   11   12   15   18   20   21   20   18
   15   11    8    6    4    4    5    7    9   12   15   17   20   21   23   25
   28   33   40   49   59   70   80   90   98  104  108  111  111  110  108  105
  102  100   97   95   93   91   88   85   82
    55.0-180.0 180.0   5.0 450.0                            LAT/LON1/LON2/DLON/H
   86   83   78   71   64   57   51   46   43   41   38   34   28   22   17   15
   15   17   19   20   18   15   11    8    7    9   12   16   18   20   19   18
   16   13   11   10   10   11   13   14   17   19   22   24   26   27   28   29
   32   36   43   52   61   72   81   90   98  105  109  112  112  111  109  106
  104  102  100   99   97   95   92   90   86
    52.5-180.0 180.0   5.0 450.0                            LAT/LON1/LON2/DLON/H
   96   93   88   81   73   63   55   48   44   42   39   36   31   26   22   20
   20   22   23   22   20   15   11    8    8   10   14   17   20   22   22   21
   20   19   19   20   21   22   24   26   27   28   29   30   31   31   31   32
   35   39   46   54   64   73   82   91   98  105  110  113  114  113  111  109
  107  106  106  105  104  102  100   98   96
    50.0-180.0 180.0   5.0 450.0                            LAT/LON1/LON2/DLON/H
  109  107  103   96   87   75   63   54   47   43   41   38   34   30   26   25
   25   26   27   26   22   18   14   13   13   16   20   24   26   27   27   27
   28   28   30   32   34   36   38   39   39   38   38   37   36   35   35   36
   38   44   51   59   68   77   85   93  100  107  113  116  117  117  115  113
  112  113  113  114  114  113  111  110  109
    47.5-180.0 180.0   5.0 450.0                            LAT/LON1/LON2/DLON/H
  123  122  120  114  104   90   75   62   53   47   43   40   37   33   30   29
   29   29   29   28   26   23   21   21   23   27   30   33   34   34   34   34
   36   38   41   44   47   50   52   52   51   49   46   44   42   40   39   40
   44   51   60   68   77   84   92   99  106  113  118  122  123  122  121  119
  119  120  121  123  123  123  123  122  123
    45.0-180.0 180.0   5.0 450.0                            LAT/LON1/LON2/DLON/H
  133  135  135  131  121  106   89   74   62   53   48   44   40   37   34   33
   32   31   31   30   29   29   29   31   35   39   42   43   42   40   39   40
   42   45   49   53   58   62   64   64   62   59   55   51   48   46   45   47
   53   62   72   81   89   96  102  108  115  121  127  130  131  129  127  125
  124  125  127  129  130  130  130  131  133
    42.5-180.0 180.0   5.0 450.0                            LAT/LON1/LON2/DLON/H
  137  140  143  141  133  120  103   86   72   62   55   50   45   42   39   37
   35   34   33   34   35   36   38   42   46   49   51   50   47   44   42   43
   45   49   54   59   64   69   72   73   71   68   63   59   56   53   53   56
   64   75   86   96  103  109  114  119  125  131  136  139  139  137  133  130
  129  129  130  131  132  132  133  134  137
    40.0-180.0 180.0   5.0 450.0                            LAT/LON1/LON2/DLON/H
  133  137  141  142  138  127  113   97   83   73   64   58   52   49   46   43
   40   38   38   39   42   46   49   52   55   57   56   53   48   43   41   42
   46   50   55   60   66   72   77   79   78   76   72   68   64   61   61   66
   75   88  100  110  117  121  125  130  135  141  145  147  147  144  139  135
  132  131  130  130  130  129  130  131  133
    37.5-180.0 180.0   5.0 450.0                            LAT/LON1/LON2/DLON/H
  124  127  131  134  133  127  116  104   92   82   74   67   61   57   54   52
   49   46   46   49   53   57   59   60   60   60   57   52   46   40   39   40
   44   49   54   59   66   73   79   83   83   82   80   77   73   70   70   75
   85   98  111  121  127  131  135  139  144  149  152  154  153  151  146  141
  137  134  131  129  127  125  124  124  124
    35.0-180.0 180.0   5.0 450.0                            LAT/LON1/LON2/DLON/H
  116  115  116  119  121  118  112  104   97   89   82   75   70   66   65   63
   60   57   58   61   67   70   70   67   63   59   54   48   42   37   37   40
   45   50   54   59   65   72   79   84   87   87   86   84   80   77   76   81
   91  105  117  126  132  136  141  146  151  155  159  160  161  159  155  151
  147  142  137  133  128  125  122  119  116
    32.5-180.0 180.0   5.0 450.0                            LAT/LON1/LON2/DLON/H
  114  107  104  104  106  106  104  100   96   92   87   81   76   74   74   73
   71   69   71   76   81   83   79   71   63   56   50   45   40   38   39   43
   49   54   58   62   67   73   80   85   88   89   89   88   84   80   79   83
   93  106  118  127  132  137  144  151  158  162  165  168  170  171  170  168
  165  160  154  147  140  135  130  122  114
    30.0-180.0 180.0   5.0 450.0                            LAT/LON1/LON2/DLON/H
  126  112  102   97   96   96   94   93   93   91   88   83   79   78   80   81
   80   79   82   87   92   92   85   73   62   54   49   47   45   45   48   54
   60   64   67   69   72   76   81   85   87   89   89   88   84   80   78   82
   92  104  116  123  130  137  147  157  165  171  175  179  185  189  192  194
  193  190  184  175  167  160  152  141  126
    27.5-180.0 180.0   5.0 450.0                            LAT/LON1/LON2/DLON/H
  155  133  115  104   98   94   90   88   88   87   85   80   77   78   81   84
   84   84   87   93   98   97   88   74   63   56   54   55   57   60   65   71
   76   79   80   79   79   81   82   84   84   85   85   84   80   76   74   78
   88  101  112  120  128  139  152  166  176  183  189  197  206  215  222  228
  232  231  226  217  208  200  190  176  155
    25.0-180.0 180.0   5.0 450.0                            LAT/LON1/LON2/DLON/H
  200  172  147  129  116  105   95   88   85   84   81   76   72   73   77   80
   80   80   84   90   96   94   86   74   66   64   67   72   77   82   87   92
   96   96   94   90   87   86   84   82   80   79   78   76   73   69   69   75
   86   99  110  119  129  143  161  179  192  201  210  221  234  248  260  270
  277  280  277  270  261  253  242  225  200
    22.5-180.0 180.0   5.0 450.0                            LAT/LON1/LON2/DLON/H
  257  225  196  172  152  132  113   99   90   85   79   72   67   67   70   72
   72   71   73   79   85   86   80   74   73   77   86   94  101  107  111  114
  115  112  106  100   94   89   84   79   75   72   69   66   63   62   64   73
   87  101  113  123  136  154  175  196  213  224  236  251  268  285  300  314
  325  331  330  324  317  310  300  283  257
    20.0-180.0 180.0   5.0 450.0                            LAT/LON1/LON2/DLON/H
  315  284  253  226  200  172  144  120  103   92   83   73   66   63   64   64
   62   59   59   64   70   73   74   76   83   95  108  119  126  130  133  132
  129  122  113  104   96   89   83   76   70   64   60   56   54   55   62   75
   91  108  121  133  148  168  193  217  236  250  265  284  304  323  340  354
  367  376  377  373  367  362  355  341  315
    17.5-180.0 180.0   5.0 450.0                            LAT/LON1/LON2/DLON/H
  367  339  311  283  255  220  183  150  126  110   96   83   72   67   64   62
   56   51   49   51   56   62   69   80   97  116  132  142  147  148  147  143
  136  125  114  103   94   87   80   73   65   58   52   48   47   52   62   80
  100  119  134  147  164  186  213  238  258  276  294  315  337  357  372  386
  398  408  411  409  405  403  399  389  367
    15.0-180.0 180.0   5.0 450.0                            LAT/LON1/LON2/DLON/H
  406  384  360  336  307  269  227  187  157  136  118  102   89   80   75   70
   62   53   48   47   50   57   70   89  113  136  152  159  159  156  151  144
  134  122  109   98   89   82   76   70   63   55   48   44   44   51   66   88
  111  132  149  163  181  204  231  256  278  297  318  341  364  381  394  404
  414  423  427  426  425  426  427  421  406
    12.5-180.0 180.0   5.0 450.0                            LAT/LON1/LON2/DLON/H
  428  412  395  375  349  312  268  226  193  169  150  132  116  105   98   91
   81   71   63   58   58   64   79  103  131  154  167  168  162  155  147  138
  127  114  101   90   83   77   73   69   63   55   48   42   43   53   72   97
  123  145  163  179  197  220  246  270  292  313  335  359  380  394  402  408
  415  422  426  426  427  431  437  437  428
    10.0-180.0 180.0   5.0 450.0                            LAT/LON1/LON2/DLON/H
  434  425  414  399  377  343  302  262  230  206  186  168  151  140  132  124
  115  105   94   85   81   84   98  122  149  169  175  169  158  146  137  129
  118  106   94   84   78   75   72   70   65   58   50   45   46   58   79  105
  133  156  175  192  210  232  256  278  300  321  344  367  385  395  399  400
  403  408  412  413  417  424  433  438  434
     7.5-180.0 180.0   5.0 450.0                            LAT/LON1/LON2/DLON/H
  432  427  420  410  392  363  327  291  263  242  224  206  190  179  172  166
  159  150  138  126  117  116  126  145  167  180  178  165  148  135  126  119
  111  102   92   84   78   75   74   73   69   63   55   49   51   63   85  112
  139  163  182  200  219  240  261  282  302  322  344  365  380  387  386  384
  385  388  392  395  400  410  423  431  432
     5.0-180.0 180.0   5.0 450.0                            LAT/LON1/LON2/DLON/H
  427  425  420  412  397  373  343  315  292  275  259  242  227  217  211  208
  204  198  188  174  161  154  158  170  183  187  178  159  140  125  118  114
  110  104   96   89   83   79   77   76   73   68   60   54   56   68   90  117
  143  166  186  204  223  243  262  281  299  319  339  357  368  372  370  367
  366  369  373  378  386  399  413  423  427
     2.5-180.0 180.0   5.0 450.0                            LAT/LON1/LON2/DLON/H
  425  425  420  412  399  379  355  333  315  302  288  272  257  247  243  242
  242  240  232  218  203  192  189  193  197  193  178  156  135  121  115  114
  114  111  106   99   92   86   82   80   77   72   65   59   61   74   95  120
  145  166  186  205  225  243  261  278  295  313  330  345  354  356  354  352
  353  357  362  369  380  394  409  420  425
