interface/IONEXdata/CODG0780.22I
     1.0            IONOSPHERE MAPS     GNSS                IONEX VERSION / TYPE
ADDNEQ2 V5.3        AIUB                23-MAR-22 21:09     PGM / RUN BY / DATE 
CODE'S GLOBAL IONOSPHERE MAPS FOR DAY 078, 2022             COMMENT             
Global ionosphere maps (GIM) are generated on a daily basis DESCRIPTION         
at CODE using data from about 300 GNSS sites of the IGS and DESCRIPTION         
other institutions. The vertical total electron content     DESCRIPTION         
(VTEC) is modeled in a solar-geomagnetic reference frame    DESCRIPTION         
using a spherical harmonics expansion up to degree and      DESCRIPTION         
order 15. Piece-wise linear functions are used for          DESCRIPTION         
representation in the time domain. The time spacing of      DESCRIPTION         
their vertices is 1 hour, conforming with the epochs of the DESCRIPTION         
VTEC maps.                                                  DESCRIPTION         
To convert line-of-sight TEC into vertical TEC, a modified  DESCRIPTION         
single-layer model mapping function approximating the JPL   DESCRIPTION         
extended slab model mapping function is adopted. The        DESCRIPTION         
mapping function is evaluated at geodetic satellite         DESCRIPTION         
elevation angles. For the computation of the ionospheric    DESCRIPTION         
pierce points, a spherical layer with a radius of 6821 km   DESCRIPTION         
is assumed, implying geocentric, not geodetic IONEX         DESCRIPTION         
latitudes.                                                  DESCRIPTION         
Instrumental biases with respect to each involved GNSS code DESCRIPTION         
observable are estimated as constant values for each        DESCRIPTION         
day. They are modeled with one set of bias parameters for   DESCRIPTION         
each satellite and each station in case of GPS and for each DESCRIPTION         
satellite-station link in case of GLONASS. The code bias    DESCRIPTION         
datum is defined by zero-mean conditions imposed on the     DESCRIPTION         
satellite bias estimates. In this file, just GPS C1W-C2W    DESCRIPTION         
satellite and station bias values are included. The         DESCRIPTION         
complete set of GNSS code bias results is provided in an    DESCRIPTION         
additional Bias-SINEX file as pseudo-absolute values        DESCRIPTION         
specific to each observable.                                DESCRIPTION         
Note: These GIM results correspond to the results for the   DESCRIPTION         
middle day of a 3-day combination analysis solving for 73   DESCRIPTION         
times 256, or 18688 VTEC parameters and 3 daily sets of     DESCRIPTION         
GNSS code bias parameters.                                  DESCRIPTION         
Contact address: code(at)aiub.unibe.ch                      DESCRIPTION         
Data archive:    ftp.aiub.unibe.ch/CODE/                    DESCRIPTION         
                 www.aiub.unibe.ch/download/CODE/           DESCRIPTION         
  2022     3    19     0     0     0                        EPOCH OF FIRST MAP  
  2022     3    20     0     0     0                        EPOCH OF LAST MAP   
  3600                                                      INTERVAL            
[...]
bjco bjfs bndy boav bogo bogt bor1 braz brft brst brux bshm COMMENT             
cags cas1 ccj2 cedu chpg chpi chti chur ckis coco cord cpvg COMMENT             
cro1 daej darw dav1 dgar dhlg drao dubo ebre faa1 fair flin COMMENT             
flrs frdn ftna func ganp glps glsv gode godz gope gras graz COMMENT             
guam guug harb hers hert hlfx hnlc hnpt hob2 holb hrao hyde COMMENT             
ieng iisc ineg invk iqal isba joz2 joze karr kerg kir0 kiru COMMENT             
kit3 kokb kokv koug kour krgg laut lmmf lpal lpgs m0se mac1 COMMENT             
madr mal2 mana mas1 mat1 mate maui maw1 mcil mcm4 mdo1 mdvj COMMENT             
medi mets mgue mizu mkea mobj mobs monp morp mqzg mro1 mtka COMMENT             
nano nico nist nklg nlib nnor not1 nrc1 ntus nya1 nyal ohi2 COMMENT             
onsa opmt ous2 pado parc park pdel penc pert pie1 pol2 polv COMMENT             
pots pove prds ptag ptbb qaq1 quin rabt ramo rbay reun reyk COMMENT             
rgdg rio2 riop salu samo sant savo sch2 scor scrz sctb scub COMMENT             
seyg smst sofi spt0 sthl stjo stk2 str2 suth sutm suwn sydn COMMENT             
syog tabl tabv thtg thti thu2 tid1 tidb tixg tlse tong tow2 COMMENT             
tro1 tsea tskb tuva twtf uclu ufpr ulab unbj unsa urum usn7 COMMENT             
usud vald vill voim wab2 wark wes2 wgtn whit will wind wsrt COMMENT             
wtzr wuhn xmis yakt yar2 yar3 yarr yell ykro yssk zamb zeck COMMENT             
zim2 zim3 zimm                                              COMMENT             
                                                            END OF HEADER       
     1                                                      START OF TEC MAP    
  2022     3    19     0     0     0                        EPOCH OF CURRENT MAP
    87.5-180.0 180.0   5.0 450.0                            LAT/LON1/LON2/DLON/H
  115  115  116  116  117  118  118  118  119  119  119  119  118  118  118  117
  116  115  115  113  112  111  110  108  107  105  104  102  101   99   98   97
   95   94   93   93   92   91   91   91   91   91   91   91   91   92   92   93
   94   95   95   96   97   98   99  100  101  102  103  104  105  106  107  107
  108  109  110  111  112  112  113  114  115
    85.0-180.0 180.0   5.0 450.0                            LAT/LON1/LON2/DLON/H
  122  123  125  126  127  128  130  131  132  133  134  134  134  134  134  133
  132  130  129  127  124  121  119  115  112  109  106  102   99   96   93   91
   88   86   84   83   82   81   80   80   80   80   81   82   83   84   86   88
   89   91   93   95   96   98  100  101  103  104  106  107  108  110  111  112
  113  114  115  116  117  118  120  121  122
    82.5-180.0 180.0   5.0 450.0                            LAT/LON1/LON2/DLON/H
  126  128  129  131  133  135  138  140  142  144  146  147  148  149  149  148
  147  145  143  140  136  132  128  124  119  114  109  104  100   95   91   88
   84   81   79   77   76   75   74   74   74   75   77   78   80   82   85   87
   90   92   95   97  100  102  104  105  107  109  110  112  113  114  115  116
  117  118  119  120  121  122  123  125  126
    80.0-180.0 180.0   5.0 450.0                            LAT/LON1/LON2/DLON/H
  129  130  132  134  136  139  142  145  148  151  154  156  158  159  159  159
  158  156  153  149  145  140  135  130  124  119  113  107  102   97   92   88
   85   82   79   77   75   74   74   74   74   75   77   79   81   84   87   90
   93   96   99  101  104  106  108  109  111  112  113  115  116  117  119  120
  121  122  123  124  125  126  127  128  129
    77.5-180.0 180.0   5.0 450.0                            LAT/LON1/LON2/DLON/H
  132  133  134  136  138  141  144  148  151  155  158  161  163  164  164  163
  161  159  156  152  148  143  138  132  127  121  115  110  104  100   96   92
   89   86   84   82   80   78   77   77   77   78   79   81   83   86   89   92
   96   99  101  104  105  107  108  109  110  112  113  115  116  118  120  123
  125  126  128  129  130  131  131  132  132
    75.0-180.0 180.0   5.0 450.0                            LAT/LON1/LON2/DLON/H
  140  140  140  141  142  144  147  150  154  157  160  162  163  163  162  160
  158  154  151  147  144  139  135  130  125  120  115  110  106  102   99   96
   94   92   90   88   86   84   82   81   80   80   80   81   83   85   88   92
   95   97  100  101  103  103  104  104  105  106  108  110  113  117  120  124
  127  131  133  136  137  139  139  140  140
    72.5-180.0 180.0   5.0 450.0                            LAT/LON1/LON2/DLON/H
  151  151  150  150  150  150  152  154  157  160  162  163  162  160  157  153
  149  145  141  137  134  131  127  124  119  115  111  108  105  102  100   99
   98   96   95   93   90   88   85   82   80   78   77   77   78   80   83   86
   89   91   93   94   94   94   94   94   95   97   99  103  108  113  119  125
  130  135  140  144  147  149  151  151  151
    70.0-180.0 180.0   5.0 450.0                            LAT/LON1/LON2/DLON/H
  167  166  164  162  161  160  160  161  163  165  166  165  163  158  152  145
  139  133  129  126  123  121  118  115  112  108  105  102  100   99   99   98
   98   97   95   93   90   86   82   78   75   72   70   69   69   71   73   75
   78   80   81   82   81   81   81   81   83   85   90   95  102  110  118  125
  133  140  146  152  157  161  164  166  167
    67.5-180.0 180.0   5.0 450.0                            LAT/LON1/LON2/DLON/H
  183  183  181  178  174  171  170  170  171  172  173  171  166  159  151  141
  132  125  120  117  115  113  110  108  104  101   98   96   94   94   94   94
   93   92   89   86   82   78   74   69   65   61   59   57   57   58   60   62
   64   66   67   67   67   66   67   68   71   76   82   90   99  108  118  127
  136  144  151  158  165  171  177  181  183
    65.0-180.0 180.0   5.0 450.0                            LAT/LON1/LON2/DLON/H
  198  199  197  192  187  182  178  177  178  179  180  178  173  165  154  143
  133  124  118  114  112  109  107  103   99   95   91   89   89   89   89   88
   86   84   80   75   71   66   62   57   53   50   47   46   46   46   48   50
   51   52   53   53   53   54   55   58   63   70   79   89  100  111  121  131
  140  147  155  162  170  179  187  193  198
    62.5-180.0 180.0   5.0 450.0                            LAT/LON1/LON2/DLON/H
  209  212  210  205  197  190  184  182  182  185  186  186  182  174  164  152
  141  131  124  119  116  112  108  102   97   92   88   86   86   86   86   84
   81   75   69   63   58   53   50   46   43   41   39   38   38   38   39   41
   42   42   42   42   43   45   48   54   62   71   82   94  106  118  128  137
  145  151  157  164  172  182  193  202  209
    60.0-180.0 180.0   5.0 450.0                            LAT/LON1/LON2/DLON/H
  217  221  221  215  206  196  188  184  184  187  190  191  190  184  176  165
  155  145  138  132  126  120  113  106   98   92   89   88   89   90   89   86
   79   71   62   55   48   44   42   40   39   38   37   36   36   36   37   38
   38   37   37   37   38   41   47   56   66   78   91  104  117  128  138  146
  151  156  160  165  173  184  195  207  217
    57.5-180.0 180.0   5.0 450.0                            LAT/LON1/LON2/DLON/H
  222  228  229  223  213  202  192  186  184  186  190  194  195  193  188  180
  172  163  155  147  140  131  122  112  104   98   95   96   99  100   99   93
   84   73   61   52   45   42   41   41   41   41   41   41   41   41   41   41
   40   39   37   37   39   44   52   63   75   89  104  117  130  141  150  156
  160  163  165  169  175  185  197  210  222
    55.0-180.0 180.0   5.0 450.0                            LAT/LON1/LON2/DLON/H
  227  235  238  234  224  212  201  192  188  187  190  194  197  199  198  194
  188  180  172  163  153  142  131  121  112  107  106  109  113  115  113  106
   94   80   67   56   50   47   47   49   50   51   51   51   51   51   51   51
   49   47   44   43   45   51   60   73   87  102  117  131  143  153  161  167
  170  172  174  176  180  189  200  214  227
    52.5-180.0 180.0   5.0 450.0                            LAT/LON1/LON2/DLON/H
  233  244  249  248  241  230  218  207  199  194  193  195  198  202  204  204
  200  194  185  175  163  152  140  130  122  119  120  124  129  131  128  119
  106   90   76   66   60   58   59   61   63   64   65   65   65   65   65   64
   62   59   56   54   56   61   71   84   99  115  130  142  153  162  170  176
  181  184  186  188  191  197  207  220  233
    50.0-180.0 180.0   5.0 450.0                            LAT/LON1/LON2/DLON/H
  242  255  264  267  265  257  245  233  220  210  203  200  201  204  208  210
  208  202  193  182  170  159  148  140  134  132  133  138  142  143  138  128
  114   98   86   77   73   72   73   75   77   78   78   78   78   79   80   80
   78   75   71   68   68   73   82   95  110  126  139  151  160  168  176  183
  191  197  201  203  206  210  217  228  242
    47.5-180.0 180.0   5.0 450.0                            LAT/LON1/LON2/DLON/H
  253  268  281  290  293  290  282  269  253  236  222  212  208  209  212  214
  212  206  197  186  174  165  156  150  145  143  144  146  148  146  139  127
  114  101   91   86   84   85   86   87   88   89   90   90   90   92   93   94
   94   91   87   84   82   86   93  105  119  134  146  156  164  171  178  188
  199  209  216  220  222  225  230  239  253
    45.0-180.0 180.0   5.0 450.0                            LAT/LON1/LON2/DLON/H
  264  281  299  313  322  324  320  309  292  271  250  233  223  220  220  220
  217  209  199  188  178  171  165  160  156  152  150  147  144  138  129  117
  105   96   91   91   93   95   96   96   97   98   99  100  101  103  105  107
  108  106  102   98   96   97  103  113  126  140  152  160  166  171  179  190
  204  218  229  236  238  239  243  251  264
    42.5-180.0 180.0   5.0 450.0                            LAT/LON1/LON2/DLON/H
  275  293  313  331  344  352  353  346  330  307  282  261  245  237  233  229
  223  214  203  192  184  179  176  171  166  158  150  141  133  123  111  100
   90   86   88   94   99  102  103  103  103  105  107  109  111  113  115  117
  119  118  114  110  108  107  112  120  132  145  156  164  168  172  179  191
  206  223  238  247  251  252  254  261  275
    40.0-180.0 180.0   5.0 450.0                            LAT/LON1/LON2/DLON/H
  285  303  324  342  357  367  372  370  358  338  313  290  271  259  251  243
  233  222  210  200  194  190  187  182  173  160  146  132  119  107   94   84
   78   79   87   98  107  111  111  109  110  112  116  119  120  121  123  125
  126  125  122  119  116  115  118  126  137  150  162  169  172  175  181  192
  208  227  243  254  259  260  263  270  285
    37.5-180.0 180.0   5.0 450.0                            LAT/LON1/LON2/DLON/H
  295  313  331  347  359  369  376  377  371  356  335  314  296  282  271  260
  247  234  221  212  206  203  199  191  177  159  140  123  109   98   87   79
   77   82   94  109  120  124  122  119  119  122  126  129  130  130  129  129
  128  127  125  123  120  120  122  130  141  155  167  175  178  180  185  195
  211  230  247  259  265  268  272  280  295
    35.0-180.0 180.0   5.0 450.0                            LAT/LON1/LON2/DLON/H
  310  327  341  350  356  361  367  371  370  361  346  330  315  302  289  276
  261  247  235  226  220  215  208  196  178  157  137  121  112  105   99   95
   94  101  115  132  143  145  140  134  132  134  139  141  140  137  133  129
  127  124  122  121  120  121  124  132  144  159  172  181  185  187  192  202
  218  237  254  266  273  278  284  294  310
    32.5-180.0 180.0   5.0 450.0                            LAT/LON1/LON2/DLON/H
  333  348  357  359  356  355  357  361  362  357  347  336  326  314  302  287
  272  258  246  237  230  223  213  198  178  157  140  131  131  133  134  133
  133  139  152  167  176  174  165  154  148  148  151  152  148  141  134  127
  121  117  114  114  116  119  123  132  146  162  176  186  191  195  202  214
  231  250  267  279  288  294  303  316  333
    30.0-180.0 180.0   5.0 450.0                            LAT/LON1/LON2/DLON/H
  366  381  386  381  371  363  360  361  360  355  346  337  329  319  307  292
  277  263  252  243  235  226  215  199  179  161  152  154  166  180  189  191
  190  192  200  210  215  208  193  176  165  161  160  158  152  143  132  122
  113  106  103  104  108  113  120  130  145  162  178  189  197  203  214  229
  249  270  288  302  312  321  332  348  366
    27.5-180.0 180.0   5.0 450.0                            LAT/LON1/LON2/DLON/H
  410  424  428  421  408  397  390  386  379  367  354  341  330  320  307  291
  275  262  252  243  234  224  213  199  183  172  173  188  213  239  255  258
  254  251  252  255  253  240  218  195  178  169  164  159  151  139  127  114
  103   94   91   92   98  105  114  126  143  161  178  190  200  211  227  248
  272  296  317  333  345  357  371  390  410
    25.0-180.0 180.0   5.0 450.0                            LAT/LON1/LON2/DLON/H
  459  476  482  478  468  460  454  445  430  406  380  356  338  323  305  287
  270  257  246  237  228  219  211  202  194  191  201  227  263  297  318  321
  313  302  296  291  282  264  236  207  184  170  162  154  143  131  119  106
   93   83   79   81   88   97  108  122  140  159  176  190  202  218  239  267
  297  326  351  370  385  400  416  437  459
    22.5-180.0 180.0   5.0 450.0                            LAT/LON1/LON2/DLON/H
  506  526  539  543  545  547  547  539  514  475  431  391  361  335  311  287
  267  251  239  229  221  215  213  211  211  216  233  264  305  342  363  365
  352  336  321  310  296  273  241  209  182  164  153  143  132  121  109   97
   85   75   70   72   79   89  101  117  137  158  176  190  205  224  252  285
  321  356  385  408  426  443  461  483  506
    20.0-180.0 180.0   5.0 450.0                            LAT/LON1/LON2/DLON/H
  545  568  588  605  624  643  657  652  622  568  506  448  401  363  328  297
  271  251  236  225  218  216  221  228  234  243  261  292  330  363  382  380
  365  344  325  308  290  265  233  200  173  153  140  130  120  110  100   90
   79   69   64   66   73   83   96  114  136  158  178  194  210  233  264  302
  342  381  415  441  462  480  498  520  545
    17.5-180.0 180.0   5.0 450.0                            LAT/LON1/LON2/DLON/H
  567  593  619  650  687  727  758  764  733  671  593  520  459  408  362  321
  287  262  243  230  223  226  237  250  260  269  283  305  334  358  370  366
  350  328  306  287  267  242  213  184  159  141  129  119  109  101   93   85
   75   67   62   63   69   79   93  114  138  162  183  201  219  244  276  316
  358  399  435  464  487  505  523  544  567
    15.0-180.0 180.0   5.0 450.0                            LAT/LON1/LON2/DLON/H
  573  597  627  667  719  778  828  848  824  761  678  596  526  466  411  361
  319  287  263  246  238  243  258  275  285  289  293  303  317  331  336  330
  315  295  274  254  234  212  188  165  146  132  121  112  103   96   89   82
   74   66   62   63   68   77   93  115  142  169  192  211  232  257  289  327
  368  409  446  476  499  517  533  552  573
    12.5-180.0 180.0   5.0 450.0                            LAT/LON1/LON2/DLON/H
  564  584  611  652  711  782  847  882  871  817  739  660  590  527  467  411
  362  324  295  273  263  266  281  296  302  298  291  288  289  291  290  284
  273  258  239  219  200  182  165  149  137  127  120  111  102   94   86   79
   73   67   64   64   68   77   93  118  147  177  202  224  246  272  303  337
  375  413  448  477  499  516  531  547  564
    10.0-180.0 180.0   5.0 450.0                            LAT/LON1/LON2/DLON/H
  548  561  579  613  667  739  810  856  861  825  764  699  639  581  522  464
  411  369  335  308  293  291  300  310  309  297  280  267  258  254  250  246
  240  229  213  194  175  160  149  140  134  129  123  115  105   95   85   78
   72   68   65   65   68   77   94  121  152  183  210  235  260  287  315  345
  378  413  445  472  493  509  523  536  548
     7.5-180.0 180.0   5.0 450.0                            LAT/LON1/LON2/DLON/H
  535  539  545  563  601  660  726  778  797  782  746  704  663  618  565  510
  458  414  377  345  322  312  312  313  304  286  265  248  237  230  227  226
  225  218  203  183  165  151  143  139  137  134  129  121  109   96   84   75
   70   67   66   66   68   77   95  123  155  186  214  241  269  297  325  352
  381  412  442  467  486  502  516  528  535
     5.0-180.0 180.0   5.0 450.0                            LAT/LON1/LON2/DLON/H
  532  529  521  519  535  571  621  668  697  702  692  677  658  630  590  542
  495  453  415  378  347  327  315  306  290  270  250  237  231  227  227  229
  231  226  210  188  168  154  147  144  142  139  133  124  110   95   82   72
   67   66   65   66   68   77   95  123  154  184  212  241  272  302  330  356
  382  412  440  464  483  499  515  527  532
     2.5-180.0 180.0   5.0 450.0                            LAT/LON1/LON2/DLON/H
  543  537  519  500  490  499  525  559  589  608  619  627  630  619  593  556
  517  480  443  403  364  333  311  292  273  254  242  239  241  245  248  251
  252  245  228  203  180  164  155  150  146  140  133  122  108   92   78   68
   64   64   65   65   67   76   94  121  150  177  203  233  266  300  329  356
  383  413  441  465  485  503  521  536  543
