interface/IONEXdata/CODG2430.22I
     1.0            IONOSPHERE MAPS     GNSS                IONEX VERSION / TYPE
ADDNEQ2 V5.5        AIUB                04-SEP-22 22:52     PGM / RUN BY / DATE 
CODE'S GLOBAL IONOSPHERE MAPS FOR DAY 243, 2022             COMMENT             
Global ionosphere maps (GIM) are generated on a daily basis DESCRIPTION         
at CODE using data from about 300 GNSS sites of the IGS and DESCRIPTION         
other institutions. The vertical total electron content     DESCRIPTION         
(VTEC) is modeled in a solar-geomagnetic reference frame    DESCRIPTION         
using a spherical harmonics expansion up to degree and      DESCRIPTION         
order 15. Piece-wise linear functions are used for          DESCRIPTION         
representation in the time domain. The time spacing of      DESCRIPTION         
their vertices is 1 hour, conforming with the epochs of the DESCRIPTION         
VTEC maps.                                                  DESCRIPTION         
To convert line-of-sight TEC into vertical TEC, a modified  DESCRIPTION         
single-layer model mapping function approximating the JPL   DESCRIPTION         
extended slab model mapping function is adopted. The        DESCRIPTION         
mapping function is evaluated at geodetic satellite         DESCRIPTION         
elevation angles. For the computation of the ionospheric    DESCRIPTION         
pierce points, a spherical layer with a radius of 6821 km   DESCRIPTION         
is assumed, implying geocentric, not geodetic IONEX         DESCRIPTION         
latitudes.                                                  DESCRIPTION         
Instrumental biases with respect to each involved GNSS code DESCRIPTION         
observable are estimated as constant values for each        DESCRIPTION         
day. They are modeled with one set of bias parameters for   DESCRIPTION         
each satellite and each station in case of GPS and for each DESCRIPTION         
satellite-station link in case of GLONASS. The code bias    DESCRIPTION         
datum is defined by zero-mean conditions imposed on the     DESCRIPTION         
satellite bias estimates. In this file, just GPS C1W-C2W    DESCRIPTION         
satellite and station bias values are included. The         DESCRIPTION         
complete set of GNSS code bias results is provided in an    DESCRIPTION         
additional Bias-SINEX file as pseudo-absolute values        DESCRIPTION         
specific to each observable.                                DESCRIPTION         
Note: These GIM results correspond to the results for the   DESCRIPTION         
middle day of a 3-day combination analysis solving for 73   DESCRIPTION         
times 256, or 18688 VTEC parameters and 3 daily sets of     DESCRIPTION         
GNSS code bias parameters.                                  DESCRIPTION         
Contact address: code(at)aiub.unibe.ch                      DESCRIPTION         
Data archive:    ftp.aiub.unibe.ch/CODE/                    DESCRIPTION         
                 www.aiub.unibe.ch/download/CODE/           DESCRIPTION         
  2022     8    31     0     0     0                        EPOCH OF FIRST MAP  
  2022     9     1     0     0     0                        EPOCH OF LAST MAP   
  3600                                                      INTERVAL            
[...]
bake bako barh bndy boav bogo bogt bor1 braz brst brux bshm COMMENT             
cags cas1 ccj2 cedu chpg chpi chti chur ckis cnmr coco cord COMMENT             
cpvg cpxf crar cro1 daej darw dav1 dgar dhlg drao dubo ebre COMMENT             
faa1 fair flrs frdn ftna func ganp glps glsv gode godz gol2 COMMENT             
gold gope gras graz guam guug harb hers hert hlfx hnlc hob2 COMMENT             
hofn holb hrao hyde ieng ineg invk iqal irkj isba joz2 joze COMMENT             
karr kerg kir0 kiri kiru kit3 kokb kokv koug kour krgg laut COMMENT             
lmmf lpal lpgs m0se mac1 madr mal2 mana mas1 mat1 mate maw1 COMMENT             
mcil mcm4 mdo1 mdvj medi mets mgue mizu mkea mobs monp morp COMMENT             
mqzg mro1 mtka nano nico nist nklg nlib nnor not1 nrc1 nya1 COMMENT             
nyal ohi2 onsa opmt ous2 pado parc pdel pert pie1 pol2 polv COMMENT             
pots pove prds ptag ptbb quin ramo rbay reun reyk rgdg rio2 COMMENT             
riop roth salu samo sant savo sch2 scrz sctb scub seyg smst COMMENT             
sofi spt0 ssia sthl stjo stk2 str2 suth sutm suwn sydn syog COMMENT             
tabl tabv tash thtg thti tid1 tidb tlse tong tow2 tro1 tsea COMMENT             
tskb tuva twtf uclu ufpr ulab unb3 unbj unsa urum usn7 usud COMMENT             
vald vill voim wab1 wab2 wark wgtn whit will wind wsrt wtzl COMMENT             
wtzr wtzs wtzz wuhn xmis yar2 yar3 yarr yell ykro zamb zeck COMMENT             
zim2 zim3 zimm                                              COMMENT             
                                                            END OF HEADER       
[from data line 429]
     2                                                      START OF TEC MAP    
  2022     8    31     1     0     0                        EPOCH OF CURRENT MAP
    87.5-180.0 180.0   5.0 450.0                            LAT/LON1/LON2/DLON/H
   79   80   80   80   80   80   80   80   79   79   79   78   77   76   76   75
   74   73   72   70   69   68   67   65   64   62   61   60   58   57   56   55
   54   53   52   51   51   50   50   50   50   50   50   50   50   51   52   52
   53   54   55   56   58   59   60   61   63   64   65   67   68   69   70   72
   73   74   75   76   77   77   78   79   79
    85.0-180.0 180.0   5.0 450.0                            LAT/LON1/LON2/DLON/H
   99  100  100  100  100  100  100  100   99   98   98   97   96   94   93   91
   90   88   86   84   82   80   77   75   72   70   67   64   61   59   56   54
   52   50   48   46   45   44   43   43   43   43   44   44   45   46   48   49
   51   53   55   57   60   62   64   67   70   72   75   77   80   82   84   86
   88   90   92   94   95   96   97   98   99
    82.5-180.0 180.0   5.0 450.0                            LAT/LON1/LON2/DLON/H
  119  119  120  120  120  120  120  119  119  118  116  115  114  112  111  109
  107  105  103  101   98   95   92   89   85   81   77   73   69   65   61   57
   54   51   48   46   44   43   42   42   42   43   44   45   46   48   50   53
   55   58   61   64   67   70   74   77   81   84   88   91   95   98  101  104
  106  108  111  112  114  115  117  118  119
    80.0-180.0 180.0   5.0 450.0                            LAT/LON1/LON2/DLON/H
  135  135  136  136  136  136  136  136  135  134  132  131  129  127  125  123
  121  119  117  115  113  111  107  104  100   95   90   84   78   73   67   62
   58   54   50   48   46   45   45   45   45   47   48   50   52   54   57   59
   62   65   69   72   76   80   85   89   93   98  102  106  110  114  117  120
  123  125  127  129  131  132  133  134  135
    77.5-180.0 180.0   5.0 450.0                            LAT/LON1/LON2/DLON/H
  145  145  146  147  147  148  148  147  147  145  143  141  139  136  133  131
  129  128  126  125  123  122  119  116  111  106  100   93   86   79   72   66
   60   56   52   50   48   48   48   49   50   52   54   56   58   61   64   67
   70   73   77   81   85   90   95  100  105  110  115  119  124  127  131  134
  136  138  140  141  142  143  143  144  145
    75.0-180.0 180.0   5.0 450.0                            LAT/LON1/LON2/DLON/H
  148  149  149  150  151  152  153  154  153  152  150  147  143  140  136  133
  130  128  127  127  127  126  124  121  117  112  105   98   89   81   74   67
   61   56   52   50   49   49   50   51   53   55   58   60   63   66   69   72
   75   79   83   87   91   96  102  107  113  119  124  129  134  137  140  143
  144  146  147  147  148  148  148  148  148
    72.5-180.0 180.0   5.0 450.0                            LAT/LON1/LON2/DLON/H
  147  146  147  148  149  151  153  155  156  155  153  149  145  139  134  129
  125  122  121  121  122  122  122  120  116  111  104   96   87   79   70   63
   57   53   50   48   47   47   49   50   53   55   58   61   64   67   70   73
   77   80   84   89   94   99  105  111  118  124  130  135  139  142  145  147
  148  148  149  149  149  148  148  147  147
    70.0-180.0 180.0   5.0 450.0                            LAT/LON1/LON2/DLON/H
  143  142  141  141  143  145  149  152  154  155  153  150  144  137  129  122
  116  112  110  110  111  112  112  111  108  103   96   88   80   72   64   58
   52   48   45   44   43   44   45   47   49   52   55   58   61   64   67   70
   74   78   83   87   93   99  105  112  119  126  132  137  141  144  146  147
  147  147  148  148  148  147  146  145  143
    67.5-180.0 180.0   5.0 450.0                            LAT/LON1/LON2/DLON/H
  141  138  135  134  134  137  141  146  150  152  152  150  144  136  127  117
  109  103   99   97   98   99   99   99   96   92   85   78   70   63   57   51
   47   43   41   40   39   39   40   42   44   46   49   52   55   58   62   65
   70   74   79   84   90   96  102  110  117  124  131  136  140  143  144  145
  145  145  146  147  148  148  147  144  141
    65.0-180.0 180.0   5.0 450.0                            LAT/LON1/LON2/DLON/H
  144  138  132  128  127  128  132  138  143  148  150  149  145  137  127  116
  106   97   91   87   86   86   87   86   83   79   74   67   61   56   51   47
   43   41   38   37   36   35   36   37   39   41   44   46   49   52   56   60
   64   69   75   80   86   92   98  105  113  121  128  134  138  141  142  142
  142  143  145  148  150  152  151  149  144
    62.5-180.0 180.0   5.0 450.0                            LAT/LON1/LON2/DLON/H
  152  144  135  128  123  122  125  130  136  142  146  148  146  140  132  120
  108   97   89   83   80   79   78   77   74   70   65   60   56   52   49   46
   43   41   39   37   35   34   35   36   37   39   42   44   46   49   52   56
   61   66   72   77   82   88   94  101  109  117  125  131  136  138  139  139
  140  142  146  151  156  160  161  158  152
    60.0-180.0 180.0   5.0 450.0                            LAT/LON1/LON2/DLON/H
  166  156  145  134  126  122  121  124  129  135  141  145  147  145  138  129
  117  105   94   86   81   78   76   74   71   67   63   59   56   53   51   50
   48   45   43   40   38   38   38   39   40   42   44   46   47   49   51   55
   60   65   71   76   81   85   90   96  104  112  121  128  134  137  138  138
  140  142  148  155  164  170  174  172  166
    57.5-180.0 180.0   5.0 450.0                            LAT/LON1/LON2/DLON/H
  182  172  159  147  136  128  124  123  124  128  134  140  145  148  146  139
  129  117  106   96   89   85   81   78   75   71   67   64   61   60   59   57
   55   52   50   47   46   45   46   47   49   51   52   53   53   53   54   57
   61   67   73   78   82   85   88   93  100  108  118  126  132  136  138  139
  140  144  150  159  170  180  186  187  182
    55.0-180.0 180.0   5.0 450.0                            LAT/LON1/LON2/DLON/H
  195  187  176  164  152  142  134  128  124  124  127  133  141  148  151  149
  142  132  121  111  103   98   94   90   85   81   77   74   72   70   69   67
   65   62   59   57   56   56   57   59   61   63   63   63   61   59   59   60
   64   70   76   82   85   87   88   92   97  106  115  125  132  137  139  140
  142  145  151  161  173  185  194  198  195
    52.5-180.0 180.0   5.0 450.0                            LAT/LON1/LON2/DLON/H
  203  200  192  183  173  162  151  140  130  124  123  127  136  146  153  155
  152  145  136  127  120  115  110  105  100   96   91   87   85   83   81   78
   75   72   70   68   69   70   71   73   74   75   75   73   70   67   64   64
   68   75   82   88   91   91   91   93   98  106  116  125  133  139  142  143
  144  146  150  159  170  183  195  202  203
    50.0-180.0 180.0   5.0 450.0                            LAT/LON1/LON2/DLON/H
  204  206  204  200  194  185  173  158  143  130  123  124  131  142  152  158
  158  155  149  143  137  132  127  122  117  111  106  102   98   95   92   89
   85   82   81   81   82   83   85   86   86   86   85   83   78   73   69   69
   73   80   89   96   99   98   97   98  102  109  119  128  136  142  145  147
  147  147  148  153  163  175  188  198  204
    47.5-180.0 180.0   5.0 450.0                            LAT/LON1/LON2/DLON/H
  198  206  210  213  212  207  197  180  161  143  131  127  131  140  150  158
  162  162  160  156  152  148  143  137  131  125  119  114  110  106  103   99
   96   93   92   93   95   96   96   95   94   93   92   89   85   79   74   73
   78   86   97  105  109  108  106  106  110  117  126  134  141  147  150  152
  151  149  147  147  153  163  175  188  198
    45.0-180.0 180.0   5.0 450.0                            LAT/LON1/LON2/DLON/H
  189  200  210  218  224  224  217  202  183  162  146  137  137  142  150  157
  163  167  168  168  165  160  155  149  142  136  130  124  120  116  112  109
  106  104  103  104  105  106  104  101   98   96   95   93   90   85   80   78
   83   93  105  115  119  119  117  117  121  128  136  143  149  153  157  158
  157  153  147  144  145  152  163  176  189
    42.5-180.0 180.0   5.0 450.0                            LAT/LON1/LON2/DLON/H
  180  194  206  218  227  232  229  219  203  184  167  155  150  150  154  160
  167  172  176  177  175  170  163  156  149  143  137  131  127  124  121  119
  116  114  113  113  114  112  108  103   99   97   97   97   95   91   87   85
   89   99  112  124  130  131  129  130  135  142  150  155  158  161  164  166
  165  160  153  146  144  147  155  167  180
    40.0-180.0 180.0   5.0 450.0                            LAT/LON1/LON2/DLON/H
  179  191  202  214  224  231  233  229  219  205  191  178  170  166  165  168
  174  180  185  187  184  178  169  160  153  147  141  136  133  131  129  128
  126  123  121  120  118  115  110  104   99   98  100  102  103  100   95   93
   96  105  118  131  138  140  140  143  149  158  165  168  169  170  172  174
  174  171  164  157  153  153  159  168  179
    37.5-180.0 180.0   5.0 450.0                            LAT/LON1/LON2/DLON/H
  188  196  203  211  218  224  229  231  228  222  213  203  194  187  182  182
  185  191  196  198  193  184  172  162  155  149  144  140  138  137  137  137
  135  131  127  123  120  115  109  104  101  102  106  111  113  111  106  102
  102  109  121  134  143  146  148  152  161  171  178  181  180  179  180  183
  185  185  182  177  173  172  175  181  188
    35.0-180.0 180.0   5.0 450.0                            LAT/LON1/LON2/DLON/H
  210  212  213  214  215  218  223  228  233  235  233  228  220  211  204  200
  201  205  209  209  202  189  175  164  157  152  148  144  142  142  143  143
  141  135  129  123  118  113  109  105  105  109  115  121  125  123  117  110
  107  110  120  133  142  148  152  158  169  181  189  191  189  187  188  192
  197  201  204  204  203  203  204  206  210
    32.5-180.0 180.0   5.0 450.0                            LAT/LON1/LON2/DLON/H
  242  240  235  228  222  219  221  227  237  245  250  249  244  236  227  222
  220  221  222  219  209  194  178  166  160  156  152  148  146  145  146  146
  142  135  126  118  113  110  108  109  112  118  126  133  136  134  126  116
  108  107  115  126  138  145  151  159  171  185  195  198  196  194  195  201
  209  219  228  235  240  242  242  242  242
    30.0-180.0 180.0   5.0 450.0                            LAT/LON1/LON2/DLON/H
  281  276  267  255  242  233  231  236  246  257  266  269  267  260  252  244
  239  236  233  227  214  198  181  169  163  160  157  152  148  146  146  144
  138  129  119  111  108  107  109  114  120  128  136  142  144  140  131  118
  106  100  104  116  129  139  146  156  169  184  196  200  200  199  202  209
  221  236  252  267  278  283  284  284  281
    27.5-180.0 180.0   5.0 450.0                            LAT/LON1/LON2/DLON/H
  323  318  309  295  279  266  259  259  266  276  284  289  289  285  277  267
  258  250  242  232  218  200  184  172  167  164  160  154  147  143  140  137
  130  120  110  104  103  106  111  119  127  135  141  145  145  140  130  115
   99   90   91  103  119  131  140  151  164  180  193  200  203  205  210  218
  232  252  275  297  313  321  324  324  323
    25.0-180.0 180.0   5.0 450.0                            LAT/LON1/LON2/DLON/H
  361  360  355  343  329  315  305  301  302  306  310  313  313  311  303  291
  277  262  248  235  218  201  185  175  170  167  162  153  144  136  131  126
  119  109  102   98  100  106  114  123  131  137  140  140  138  134  124  108
   90   77   78   91  109  125  136  146  160  175  189  199  205  212  219  230
  246  268  295  322  342  353  358  360  361
    22.5-180.0 180.0   5.0 450.0                            LAT/LON1/LON2/DLON/H
  394  398  399  395  387  377  367  359  352  348  345  344  343  340  332  317
  297  274  254  236  218  201  185  175  170  166  160  150  138  128  121  114
  108  101   96   96  101  109  117  124  129  132  131  128  125  122  114   99
   80   66   66   81  102  121  135  145  158  173  187  200  211  222  233  245
  261  285  314  343  364  377  383  388  394
    20.0-180.0 180.0   5.0 450.0                            LAT/LON1/LON2/DLON/H
  419  429  437  442  444  442  436  425  413  400  389  382  378  375  365  346
  319  288  261  239  219  201  185  173  167  162  155  145  132  121  112  105
  100   97   96  100  107  114  119  122  123  121  117  112  110  108  103   90
   72   58   58   75  100  123  138  149  161  175  190  206  221  237  251  264
  281  303  332  361  382  395  402  409  419
    17.5-180.0 180.0   5.0 450.0                            LAT/LON1/LON2/DLON/H
  438  451  465  479  492  500  500  491  474  455  437  424  418  413  402  378
  344  306  272  245  223  203  185  170  162  155  149  139  127  116  107  101
   98   99  103  110  117  121  122  119  114  107  101   96   95   96   94   85
   68   55   55   74  102  128  146  158  170  184  200  218  238  257  274  289
  304  325  351  378  398  409  417  426  438
    15.0-180.0 180.0   5.0 450.0                            LAT/LON1/LON2/DLON/H
  454  467  483  503  525  543  550  544  527  504  482  466  458  451  438  411
  371  327  288  257  231  208  186  168  156  148  142  135  125  116  108  104
  104  108  115  123  129  129  124  114  104   95   88   85   86   90   91   84
   69   56   57   77  107  136  157  170  183  199  217  237  260  283  302  317
  330  349  372  396  414  425  433  443  454
    12.5-180.0 180.0   5.0 450.0                            LAT/LON1/LON2/DLON/H
  469  478  492  513  541  565  579  577  562  540  518  501  492  485  471  442
  398  349  306  272  243  216  189  167  152  143  138  134  128  121  115  113
  115  121  130  138  140  136  125  110   96   86   81   81   86   92   94   87
   73   61   63   83  114  145  168  184  199  217  238  261  287  312  332  346
  358  374  395  415  432  443  452  461  469
    10.0-180.0 180.0   5.0 450.0                            LAT/LON1/LON2/DLON/H
  485  487  495  514  541  569  586  588  576  558  538  523  515  509  495  464
  419  369  324  288  257  226  196  170  152  142  138  136  134  131  127  126
  129  136  144  149  148  140  125  108   93   85   83   86   93   99  101   94
   79   67   69   89  121  153  177  196  215  236  260  286  314  340  360  374
  385  399  417  436  452  464  474  481  485
     7.5-180.0 180.0   5.0 450.0                            LAT/LON1/LON2/DLON/H
  500  495  495  508  533  558  575  578  570  556  541  529  523  518  505  475
  431  382  338  302  270  237  205  177  156  145  141  142  142  142  139  139
  142  148  154  155  150  139  123  106   93   88   91   98  106  110  109  100
   85   73   75   95  126  158  183  205  226  251  279  308  338  364  384  398
  408  421  437  455  471  485  496  502  500
     5.0-180.0 180.0   5.0 450.0                            LAT/LON1/LON2/DLON/H
  512  500  494  502  521  542  554  556  551  541  530  522  517  513  501  473
  431  384  343  310  279  248  215  187  166  153  148  148  150  150  149  148
  151  154  156  154  146  133  119  105   96   96  102  112  119  120  115  103
   88   77   80   99  128  159  185  208  231  259  291  323  355  382  401  414
  425  437  453  469  486  502  514  518  512
     2.5-180.0 180.0   5.0 450.0                            LAT/LON1/LON2/DLON/H
  515  501  492  497  512  526  533  532  527  520  512  505  501  497  485  458
  418  375  339  310  283  255  226  200  179  164  156  154  154  154  153  151
  152  153  151  144  134  123  112  103   99  103  112  122  128  126  116  102
   87   78   82  100  129  158  183  205  230  259  294  329  362  390  409  423
  434  446  461  477  493  509  522  524  515
