interface/IONEXdata/CODG2430.22I
     1.0            IONOSPHERE MAPS     GNSS                IONEX VERSION / TYPE
ADDNEQ2 V5.5        AIUB                04-SEP-22 22:52     PGM / RUN BY / DATE 
CODE'S GLOBAL IONOSPHERE MAPS FOR DAY 243, 2022             COMMENT             
Global ionosphere maps (GIM) are generated on a daily basis DESCRIPTION         
at CODE using data from about 300 GNSS sites of the IGS and DESCRIPTION         
other institutions. The vertical total electron content     DESCRIPTION         
(VTEC) is modeled in a solar-geomagnetic reference frame    DESCRIPTION         
using a spherical harmonics expansion up to degree and      DESCRIPTION         
order 15. Piece-wise linear functions are used for          DESCRIPTION         
representation in the time domain. The time spacing of      DESCRIPTION         
their vertices is 1 hour, conforming with the epochs of the DESCRIPTION         
VTEC maps.                                                  DESCRIPTION         
To convert line-of-sight TEC into vertical TEC, a modified  DESCRIPTION         
single-layer model mapping function approximating the JPL   DESCRIPTION         
extended slab model mapping function is adopted. The        DESCRIPTION         
mapping function is evaluated at geodetic satellite         DESCRIPTION         
elevation angles. For the computation of the ionospheric    DESCRIPTION         
pierce points, a spherical layer with a radius of 6821 km   DESCRIPTION         
is assumed, implying geocentric, not geodetic IONEX         DESCRIPTION         
latitudes.                                                  DESCRIPTION         
Instrumental biases with respect to each involved GNSS code DESCRIPTION         
observable are estimated as constant values for each        DESCRIPTION         
day. They are modeled with one set of bias parameters for   DESCRIPTION         
each satellite and each station in case of GPS and for each DESCRIPTION         
satellite-station link in case of GLONASS. The code bias    DESCRIPTION         
datum is defined by zero-mean conditions imposed on the     DESCRIPTION         
satellite bias estimates. In this file, just GPS C1W-C2W    DESCRIPTION         
satellite and station bias values are included. The         DESCRIPTION         
complete set of GNSS code bias results is provided in an    DESCRIPTION         
additional Bias-SINEX file as pseudo-absolute values        DESCRIPTION         
specific to each observable.                                DESCRIPTION         
Note: These GIM results correspond to the results for the   DESCRIPTION         
middle day of a 3-day combination analysis solving for 73   DESCRIPTION         
times 256, or 18688 VTEC parameters and 3 daily sets of     DESCRIPTION         
GNSS code bias parameters.                                  DESCRIPTION         
Contact address: code(at)aiub.unibe.ch                      DESCRIPTION         
Data archive:    ftp.aiub.unibe.ch/CODE/                    DESCRIPTION         
                 www.aiub.unibe.ch/download/CODE/           DESCRIPTION         
  2022     8    31     0     0     0                        EPOCH OF FIRST MAP  
  2022     9     1     0     0     0                        EPOCH OF LAST MAP   
  3600                                                      INTERVAL            
[...]
bake bako barh bndy boav bogo bogt bor1 braz brst brux bshm COMMENT             
cags cas1 ccj2 cedu chpg chpi chti chur ckis cnmr coco cord COMMENT             
cpvg cpxf crar cro1 daej darw dav1 dgar dhlg drao dubo ebre COMMENT             
faa1 fair flrs frdn ftna func ganp glps glsv gode godz gol2 COMMENT             
gold gope gras graz guam guug harb hers hert hlfx hnlc hob2 COMMENT             
hofn holb hrao hyde ieng ineg invk iqal irkj isba joz2 joze COMMENT             
karr kerg kir0 kiri kiru kit3 kokb kokv koug kour krgg laut COMMENT             
lmmf lpal lpgs m0se mac1 madr mal2 mana mas1 mat1 mate maw1 COMMENT             
mcil mcm4 mdo1 mdvj medi mets mgue mizu mkea mobs monp morp COMMENT             
mqzg mro1 mtka nano nico nist nklg nlib nnor not1 nrc1 nya1 COMMENT             
nyal ohi2 onsa opmt ous2 pado parc pdel pert pie1 pol2 polv COMMENT             
pots pove prds ptag ptbb quin ramo rbay reun reyk rgdg rio2 COMMENT             
riop roth salu samo sant savo sch2 scrz sctb scub seyg smst COMMENT             
sofi spt0 ssia sthl stjo stk2 str2 suth sutm suwn sydn syog COMMENT             
tabl tabv tash thtg thti tid1 tidb tlse tong tow2 tro1 tsea COMMENT             
tskb tuva twtf uclu ufpr ulab unb3 unbj unsa urum usn7 usud COMMENT             
vald vill voim wab1 wab2 wark wgtn whit will wind wsrt wtzl COMMENT             
wtzr wtzs wtzz wuhn xmis yar2 yar3 yarr yell ykro zamb zeck COMMENT             
zim2 zim3 zimm                                              COMMENT             
                                                            END OF HEADER       
[from data line 2574]
     7                                                      START OF TEC MAP    
  2022     8    31     6     0     0                        EPOCH OF CURRENT MAP
    87.5-180.0 180.0   5.0 450.0                            LAT/LON1/LON2/DLON/H
  104  105  106  107  107  108  109  110  110  111  111  111  111  111  111  111
  110  110  109  108  108  107  106  105  104  103  102  101  100   99   98   97
   97   96   95   95   94   94   94   93   93   93   93   93   93   93   93   93
   93   93   93   93   93   94   94   94   94   95   95   95   95   96   96   97
   97   98   99   99  100  101  102  103  104
    85.0-180.0 180.0   5.0 450.0                            LAT/LON1/LON2/DLON/H
  103  105  107  109  112  114  116  117  119  120  121  121  121  121  120  119
  118  116  115  113  110  108  106  103  101   99   97   95   93   92   90   89
   88   87   87   86   86   86   86   86   86   87   87   88   88   89   90   90
   91   92   92   93   93   93   94   94   94   94   94   94   93   93   93   93
   94   94   95   95   96   98   99  101  103
    82.5-180.0 180.0   5.0 450.0                            LAT/LON1/LON2/DLON/H
   99  102  105  108  112  115  119  122  124  126  127  128  127  127  125  123
  120  117  114  110  106  102   99   95   91   88   85   83   81   79   78   77
   77   77   77   77   78   79   80   81   82   84   85   87   89   91   93   94
   96   98  100  101  102  103  104  104  104  103  102  101   99   98   96   95
   94   93   92   92   92   93   94   96   99
    80.0-180.0 180.0   5.0 450.0                            LAT/LON1/LON2/DLON/H
   93   96  100  104  109  113  117  121  124  126  127  128  127  125  123  120
  116  111  107  101   96   91   86   81   77   73   70   67   66   65   64   64
   65   66   68   70   72   74   76   79   81   84   87   90   94   97  101  105
  109  113  116  119  121  123  124  125  124  123  121  119  116  112  108  105
  101   97   94   92   90   90   90   91   93
    77.5-180.0 180.0   5.0 450.0                            LAT/LON1/LON2/DLON/H
   89   91   94   98  103  107  112  115  118  120  121  121  120  118  114  110
  106  100   95   89   83   77   71   66   61   57   54   52   51   51   51   53
   55   58   61   65   68   72   76   79   83   87   92   97  102  108  114  120
  127  133  138  143  147  150  152  153  153  151  148  145  140  135  129  123
  117  110  104   99   94   91   89   88   89
    75.0-180.0 180.0   5.0 450.0                            LAT/LON1/LON2/DLON/H
   88   88   90   93   96  100  103  106  108  110  110  109  108  105  101   97
   92   87   82   76   70   64   59   54   49   45   42   40   39   40   42   44
   48   53   58   63   68   73   77   82   87   92   98  105  112  120  128  137
  146  154  162  169  174  178  181  183  182  181  178  174  169  163  156  148
  139  130  121  113  105   98   93   90   88
    72.5-180.0 180.0   5.0 450.0                            LAT/LON1/LON2/DLON/H
   93   90   89   89   90   92   93   95   95   96   95   94   92   90   87   83
   79   75   70   66   61   56   51   47   43   39   36   34   34   34   36   40
   45   51   57   63   69   75   80   86   91   98  105  112  121  131  142  152
  163  173  182  190  196  201  205  206  207  206  204  200  196  190  183  174
  165  154  143  132  122  112  104   97   93
    70.0-180.0 180.0   5.0 450.0                            LAT/LON1/LON2/DLON/H
  103   97   93   90   88   86   85   84   82   81   79   78   77   75   73   71
   69   66   63   59   56   53   50   46   43   40   37   35   33   34   35   39
   44   51   57   64   71   77   83   89   95  102  110  119  129  140  152  163
  175  185  195  203  209  214  217  219  219  219  218  216  213  209  203  196
  188  178  167  155  142  131  120  110  103
    67.5-180.0 180.0   5.0 450.0                            LAT/LON1/LON2/DLON/H
  117  109  101   95   90   84   79   75   71   67   65   64   64   64   64   63
   62   61   59   57   55   53   51   50   48   45   42   39   37   36   37   40
   45   51   59   66   73   79   86   92   98  105  114  124  134  146  157  169
  179  189  197  204  210  213  216  217  218  218  218  218  217  216  213  209
  203  195  186  175  163  150  138  127  117
    65.0-180.0 180.0   5.0 450.0                            LAT/LON1/LON2/DLON/H
  134  124  114  105   96   87   78   70   63   58   55   54   55   57   59   60
   60   59   57   55   54   54   54   54   53   52   49   46   43   41   40   42
   46   52   59   67   74   80   87   93  100  108  117  127  138  148  159  168
  177  185  191  196  200  202  204  205  205  206  207  208  210  211  211  210
  207  203  197  189  179  168  156  145  134
    62.5-180.0 180.0   5.0 450.0                            LAT/LON1/LON2/DLON/H
  151  140  130  119  107   95   82   70   60   53   50   49   52   55   58   59
   59   58   56   54   52   53   54   56   57   56   55   51   47   44   43   43
   47   52   59   66   73   80   87   94  101  110  119  130  140  149  157  164
  169  174  178  181  184  185  186  187  187  188  190  192  194  197  199  200
  201  201  198  194  188  180  171  161  151
    60.0-180.0 180.0   5.0 450.0                            LAT/LON1/LON2/DLON/H
  164  156  146  135  122  107   91   76   63   54   49   49   52   56   59   61
   60   57   54   50   48   48   50   54   56   58   57   54   49   46   43   43
   46   51   58   65   72   80   87   94  103  112  122  132  141  148  153  157
  159  161  163  165  167  169  170  171  171  172  173  175  177  179  182  184
  187  189  191  191  189  185  180  172  164
    57.5-180.0 180.0   5.0 450.0                            LAT/LON1/LON2/DLON/H
  174  168  161  152  139  123  104   86   71   60   54   53   55   58   61   62
   60   55   50   45   41   41   44   49   53   56   56   53   49   45   42   42
   45   51   57   65   72   80   87   96  105  115  125  135  143  148  150  150
  150  150  151  154  157  159  162  163  164  164  165  165  166  166  166  168
  170  173  177  181  183  183  182  178  174
    55.0-180.0 180.0   5.0 450.0                            LAT/LON1/LON2/DLON/H
  178  176  173  167  156  140  121  101   83   70   62   59   59   61   62   61
   58   53   46   39   35   35   38   43   49   53   53   50   46   42   40   41
   45   50   57   65   73   81   90   99  108  119  129  139  145  148  148  147
  145  144  146  150  155  160  164  166  167  168  167  166  164  161  158  156
  156  158  163  168  173  177  178  178  178
    52.5-180.0 180.0   5.0 450.0                            LAT/LON1/LON2/DLON/H
  176  179  181  179  171  156  137  117   98   83   73   67   64   63   61   59
   55   50   43   37   33   32   35   41   47   51   51   48   44   40   39   41
   46   52   59   68   76   85   94  104  113  124  134  143  148  151  150  147
  145  146  149  156  164  171  176  179  180  180  179  176  172  166  159  153
  150  150  153  158  164  168  171  174  176
    50.0-180.0 180.0   5.0 450.0                            LAT/LON1/LON2/DLON/H
  171  177  183  185  181  169  152  132  113   97   85   76   69   64   60   56
   52   48   44   39   36   36   39   44   50   53   52   48   43   40   40   43
   49   56   63   72   82   91  101  110  120  129  139  147  153  155  154  153
  152  154  160  169  179  188  194  197  198  197  196  192  187  179  169  160
  153  150  151  154  158  161  164  167  171
    47.5-180.0 180.0   5.0 450.0                            LAT/LON1/LON2/DLON/H
  164  171  179  185  184  176  162  144  127  112   98   86   75   66   58   54
   51   50   49   47   46   46   49   54   58   60   57   52   46   43   44   48
   54   61   69   78   89   99  110  119  128  136  144  152  158  161  162  162
  163  168  176  187  197  206  211  214  214  213  211  209  203  196  186  175
  167  161  158  157  158  158  158  159  164
    45.0-180.0 180.0   5.0 450.0                            LAT/LON1/LON2/DLON/H
  156  162  171  179  180  175  164  150  136  123  111   97   82   69   59   54
   53   55   58   59   60   61   64   68   71   71   67   59   52   49   51   56
   62   69   76   86   97  109  120  130  137  144  152  159  165  170  172  174
  178  184  193  204  214  221  224  225  223  222  222  220  217  212  204  195
  186  179  173  169  165  161  156  154  156
    42.5-180.0 180.0   5.0 450.0                            LAT/LON1/LON2/DLON/H
  149  153  160  167  169  165  157  148  139  131  121  107   91   75   63   57
   58   63   69   74   76   78   80   83   86   84   79   70   62   59   61   66
   72   77   84   93  105  119  132  142  149  155  161  168  174  180  184  188
  192  199  208  217  226  230  231  229  226  225  225  226  226  224  220  214
  208  201  194  186  178  169  159  152  149
    40.0-180.0 180.0   5.0 450.0                            LAT/LON1/LON2/DLON/H
  147  145  149  152  153  149  143  139  136  133  127  116   99   83   70   64
   66   73   81   87   90   92   94   96   98   97   91   82   74   71   72   77
   82   86   91  100  114  130  144  155  162  167  172  178  185  191  196  200
  205  211  219  227  233  236  234  230  226  224  225  227  230  232  232  231
  228  223  215  206  195  181  167  154  147
    37.5-180.0 180.0   5.0 450.0                            LAT/LON1/LON2/DLON/H
  150  143  141  139  136  130  126  125  128  131  130  122  108   92   80   74
   75   82   89   96   99  100  101  104  106  106  102   94   86   83   84   88
   91   93   96  106  121  140  157  169  176  181  185  191  197  202  206  210
  214  219  226  233  239  241  239  234  229  228  228  231  234  237  241  243
  244  241  235  226  213  197  179  162  150
    35.0-180.0 180.0   5.0 450.0                            LAT/LON1/LON2/DLON/H
  161  149  140  132  123  114  109  110  118  126  130  125  115  101   90   84
   84   88   94   98  101  101  102  105  110  112  110  103   97   94   95   97
   98   98  100  110  127  148  167  181  189  194  198  203  208  212  215  217
  221  225  232  240  248  252  251  247  244  242  242  243  245  246  249  253
  257  256  252  243  230  214  196  177  161
    32.5-180.0 180.0   5.0 450.0                            LAT/LON1/LON2/DLON/H
  180  165  151  136  121  107   99  100  109  120  127  126  118  108   99   92
   90   90   93   96   97   98   99  103  109  114  114  110  105  103  103  103
  102  100  102  112  131  154  175  190  199  205  210  214  217  219  221  222
  225  231  240  252  264  272  275  275  273  272  271  269  266  263  262  265
  268  268  265  258  247  233  217  198  180
    30.0-180.0 180.0   5.0 450.0                            LAT/LON1/LON2/DLON/H
  209  192  174  153  132  112  100   99  106  116  123  124  119  112  104   97
   92   88   88   89   91   92   95  100  107  113  116  114  110  107  106  105
  102   99  101  112  132  156  178  194  205  212  218  221  223  223  223  225
  230  239  253  271  290  305  313  315  316  316  315  310  301  290  283  280
  281  281  278  273  265  255  242  226  209
    27.5-180.0 180.0   5.0 450.0                            LAT/LON1/LON2/DLON/H
  246  229  208  183  156  131  114  108  111  117  121  121  117  112  106   98
   90   83   80   82   85   89   93   98  106  113  116  115  111  108  105  103
   98   95   97  109  131  155  177  194  205  213  220  224  225  225  225  228
  236  250  271  297  324  345  358  364  367  369  369  361  347  328  313  303
  300  298  295  290  286  280  272  261  246
    25.0-180.0 180.0   5.0 450.0                            LAT/LON1/LON2/DLON/H
  289  273  251  224  192  163  141  129  125  125  123  119  115  110  105   96
   86   77   73   76   82   89   95  102  108  113  115  113  109  104  100   96
   91   88   92  105  127  151  172  188  199  209  217  222  223  223  225  232
  245  266  295  329  362  388  404  411  416  421  423  415  397  373  350  334
  326  321  317  314  311  309  306  300  289
    22.5-180.0 180.0   5.0 450.0                            LAT/LON1/LON2/DLON/H
  335  321  298  268  233  201  174  156  145  137  129  121  114  109  103   94
   82   72   69   73   83   94  103  109  113  115  113  109  103   97   91   86
   81   79   85   99  121  144  164  179  190  201  210  216  219  222  227  239
  258  285  321  360  397  425  441  448  454  462  467  463  446  419  392  372
  359  352  347  344  343  344  345  343  335
    20.0-180.0 180.0   5.0 450.0                            LAT/LON1/LON2/DLON/H
  380  366  342  309  273  238  209  186  169  154  140  127  118  111  104   94
   82   72   69   75   88  102  113  119  120  116  110  103   95   87   81   74
   70   69   77   93  114  136  155  168  180  191  202  210  216  222  232  249
  274  307  345  387  425  451  464  468  474  484  494  496  484  460  433  412
  398  389  384  380  380  382  385  386  380
    17.5-180.0 180.0   5.0 450.0                            LAT/LON1/LON2/DLON/H
  421  405  377  342  303  268  237  212  191  171  154  138  127  118  110  100
   88   78   75   81   95  111  123  128  126  117  107   95   85   77   70   63
   59   61   69   86  108  129  146  159  171  183  195  206  216  226  241  263
  292  327  366  406  440  462  470  471  476  488  503  512  507  490  469  450
  437  429  424  421  419  421  424  426  421
    15.0-180.0 180.0   5.0 450.0                            LAT/LON1/LON2/DLON/H
  453  433  401  361  321  286  257  231  208  187  169  154  142  133  123  113
  102   91   87   91  103  118  130  134  129  116  101   87   76   68   60   55
   52   54   64   81  102  123  140  153  166  179  193  207  220  235  255  280
  310  344  380  415  443  460  464  462  465  478  497  512  516  508  495  481
  472  466  463  459  457  457  459  460  453
    12.5-180.0 180.0   5.0 450.0                            LAT/LON1/LON2/DLON/H
  475  451  413  368  327  293  265  241  219  200  184  173  163  153  144  134
  123  112  104  103  110  122  133  135  128  113   96   80   69   61   55   50
   48   50   60   77   98  119  137  152  166  181  197  213  229  248  271  298
  327  357  387  415  438  451  453  451  453  465  485  503  514  515  510  503
  499  496  494  492  489  487  487  485  475
    10.0-180.0 180.0   5.0 450.0                            LAT/LON1/LON2/DLON/H
  486  457  414  365  323  292  268  246  226  209  199  192  186  178  169  160
  150  139  127  118  117  123  131  133  125  109   90   75   64   58   53   49
   48   51   60   76   95  117  136  154  170  187  205  223  243  264  288  315
  341  366  389  412  432  444  449  449  451  460  476  493  506  513  515  514
  514  514  514  512  509  505  503  500  486
     7.5-180.0 180.0   5.0 450.0                            LAT/LON1/LON2/DLON/H
  488  455  408  358  318  290  270  250  231  217  212  211  209  203  196  188
  180  168  152  135  125  124  128  129  121  105   87   73   64   59   55   53
   52   54   62   76   94  116  138  158  177  196  215  235  257  280  305  330
  352  372  390  409  429  446  457  462  465  470  478  488  499  507  512  514
  515  517  519  518  514  510  507  503  488
     5.0-180.0 180.0   5.0 450.0                            LAT/LON1/LON2/DLON/H
  479  447  401  353  318  296  279  260  241  227  224  228  230  226  220  214
  208  196  177  154  136  128  128  127  119  104   87   74   66   62   60   59
   58   60   66   77   94  115  139  162  184  204  224  246  269  293  318  341
  360  376  391  410  433  458  480  493  497  496  492  491  494  499  502  504
  504  506  507  507  504  500  498  494  479
     2.5-180.0 180.0   5.0 450.0                            LAT/LON1/LON2/DLON/H
  463  435  394  354  326  312  299  280  257  241  238  243  247  244  239  234
  230  220  200  174  150  137  133  129  121  106   90   78   71   68   67   66
   66   67   70   78   93  114  139  164  187  208  230  252  276  300  325  348
  366  381  396  416  446  480  513  534  540  531  515  500  492  489  488  485
  482  481  482  482  479  476  475  474  463
