interface/IONEXdata/CODG2430.22I
     1.0            IONOSPHERE MAPS     GNSS                IONEX VERSION / TYPE
ADDNEQ2 V5.5        AIUB                04-SEP-22 22:52     PGM / RUN BY / DATE 
CODE'S GLOBAL IONOSPHERE MAPS FOR DAY 243, 2022             COMMENT             
Global ionosphere maps (GIM) are generated on a daily basis DESCRIPTION         
at CODE using data from about 300 GNSS sites of the IGS and DESCRIPTION         
other institutions. The vertical total electron content     DESCRIPTION         
(VTEC) is modeled in a solar-geomagnetic reference frame    DESCRIPTION         
using a spherical harmonics expansion up to degree and      DESCRIPTION         
order 15. Piece-wise linear functions are used for          DESCRIPTION         
representation in the time domain. The time spacing of      DESCRIPTION         
their vertices is 1 hour, conforming with the epochs of the DESCRIPTION         
VTEC maps.                                                  DESCRIPTION         
To convert line-of-sight TEC into vertical TEC, a modified  DESCRIPTION         
single-layer model mapping function approximating the JPL   DESCRIPTION         
extended slab model mapping function is adopted. The        DESCRIPTION         
mapping function is evaluated at geodetic satellite         DESCRIPTION         
elevation angles. For the computation of the ionospheric    DESCRIPTION         
pierce points, a spherical layer with a radius of 6821 km   DESCRIPTION         
is assumed, implying geocentric, not geodetic IONEX         DESCRIPTION         
latitudes.                                                  DESCRIPTION         
Instrumental biases with respect to each involved GNSS code DESCRIPTION         
observable are estimated as constant values for each        DESCRIPTION         
day. They are modeled with one set of bias parameters for   DESCRIPTION         
each satellite and each station in case of GPS and for each DESCRIPTION         
satellite-station link in case of GLONASS. The code bias    DESCRIPTION         
datum is defined by zero-mean conditions imposed on the     DESCRIPTION         
satellite bias estimates. In this file, just GPS C1W-C2W    DESCRIPTION         
satellite and station bias values are included. The         DESCRIPTION         
complete set of GNSS code bias results is provided in an    DESCRIPTION         
additional Bias-SINEX file as pseudo-absolute values        DESCRIPTION         
specific to each observable.                                DESCRIPTION         
Note: These GIM results correspond to the results for the   DESCRIPTION         
middle day of a 3-day combination analysis solving for 73   DESCRIPTION         
times 256, or 18688 VTEC parameters and 3 daily sets of     DESCRIPTION         
GNSS code bias parameters.                                  DESCRIPTION         
Contact address: code(at)aiub.unibe.ch                      DESCRIPTION         
Data archive:    ftp.aiub.unibe.ch/CODE/                    DESCRIPTION         
                 www.aiub.unibe.ch/download/CODE/           DESCRIPTION         
  2022     8    31     0     0     0                        EPOCH OF FIRST MAP  
  2022     9     1     0     0     0                        EPOCH OF LAST MAP   
  3600                                                      INTERVAL            
[...]
bake bako barh bndy boav bogo bogt bor1 braz brst brux bshm COMMENT             
cags cas1 ccj2 cedu chpg chpi chti chur ckis cnmr coco cord COMMENT             
cpvg cpxf crar cro1 daej darw dav1 dgar dhlg drao dubo ebre COMMENT             
faa1 fair flrs frdn ftna func ganp glps glsv gode godz gol2 COMMENT             
gold gope gras graz guam guug harb hers hert hlfx hnlc hob2 COMMENT             
hofn holb hrao hyde ieng ineg invk iqal irkj isba joz2 joze COMMENT             
karr kerg kir0 kiri kiru kit3 kokb kokv koug kour krgg laut COMMENT             
lmmf lpal lpgs m0se mac1 madr mal2 mana mas1 mat1 mate maw1 COMMENT             
mcil mcm4 mdo1 mdvj medi mets mgue mizu mkea mobs monp morp COMMENT             
mqzg mro1 mtka nano nico nist nklg nlib nnor not1 nrc1 nya1 COMMENT             
nyal ohi2 onsa opmt ous2 pado parc pdel pert pie1 pol2 polv COMMENT             
pots pove prds ptag ptbb quin ramo rbay reun reyk rgdg rio2 COMMENT             
riop roth salu samo sant savo sch2 scrz sctb scub seyg smst COMMENT             
sofi spt0 ssia sthl stjo stk2 str2 suth sutm suwn sydn syog COMMENT             
tabl tabv tash thtg thti tid1 tidb tlse tong tow2 tro1 tsea COMMENT             
tskb tuva twtf uclu ufpr ulab unb3 unbj unsa urum usn7 usud COMMENT             
vald vill voim wab1 wab2 wark wgtn whit will wind wsrt wtzl COMMENT             
wtzr wtzs wtzz wuhn xmis yar2 yar3 yarr yell ykro zamb zeck COMMENT             
zim2 zim3 zimm                                              COMMENT             
                                                            END OF HEADER       
[from data line 6864]
    17                                                      START OF TEC MAP    
  2022     8    31    16     0     0                        EPOCH OF CURRENT MAP
    87.5-180.0 180.0   5.0 450.0                            LAT/LON1/LON2/DLON/H
  143  143  143  144  144  145  145  145  145  146  146  146  146  146  146  145
  145  145  144  144  144  143  143  142  142  141  141  140  140  139  139  138
  138  137  137  137  137  136  136  136  136  136  136  136  136  136  137  137
  137  137  137  138  138  138  138  138  139  139  139  139  139  139  140  140
  140  140  141  141  141  142  142  142  143
    85.0-180.0 180.0   5.0 450.0                            LAT/LON1/LON2/DLON/H
  136  137  138  139  140  141  142  143  144  145  146  146  146  147  146  146
  146  145  144  143  142  141  140  139  138  137  136  134  133  132  132  131
  130  129  129  128  128  127  127  127  127  127  127  127  127  128  128  129
  129  129  130  130  131  131  131  131  131  131  131  131  131  131  131  131
  131  131  132  132  133  133  134  135  136
    82.5-180.0 180.0   5.0 450.0                            LAT/LON1/LON2/DLON/H
  123  124  127  129  131  134  136  138  140  142  143  145  145  146  146  146
  145  144  143  141  140  138  136  135  133  131  130  128  127  126  125  123
  122  121  120  119  119  118  117  117  116  116  116  117  117  118  118  119
  120  121  121  122  122  122  122  122  121  121  120  119  118  117  117  116
  116  116  116  116  117  118  119  121  123
    80.0-180.0 180.0   5.0 450.0                            LAT/LON1/LON2/DLON/H
  106  109  112  116  119  123  127  130  134  137  139  141  143  144  144  144
  144  142  141  139  137  135  133  131  129  127  126  124  123  121  120  119
  118  117  115  114  112  111  110  109  108  107  107  107  107  108  109  110
  111  112  112  113  113  112  112  111  109  107  106  104  102  100   98   97
   96   96   96   97   97   99  101  103  106
    77.5-180.0 180.0   5.0 450.0                            LAT/LON1/LON2/DLON/H
   89   93   97  102  107  112  117  122  126  130  134  137  140  141  142  142
  142  141  139  138  136  134  131  129  127  126  124  123  122  121  120  118
  117  116  114  112  110  107  105  103  101  100   99   99   99  100  101  102
  104  105  105  105  104  103  101   99   96   93   90   87   84   81   79   77
   76   75   76   76   78   80   82   86   89
    75.0-180.0 180.0   5.0 450.0                            LAT/LON1/LON2/DLON/H
   76   81   86   91   96  102  108  114  119  124  129  133  136  138  140  141
  141  140  139  138  136  134  132  131  129  127  126  125  124  123  122  121
  120  118  115  113  110  107  103  100   98   96   94   94   94   95   97   98
   99  100  100   99   98   95   92   88   84   79   75   70   66   63   60   58
   57   57   58   59   62   64   68   72   76
    72.5-180.0 180.0   5.0 450.0                            LAT/LON1/LON2/DLON/H
   68   73   78   84   89   95  101  107  113  119  124  128  132  135  137  139
  140  140  140  140  139  138  137  135  134  132  131  129  128  127  126  124
  123  121  118  115  111  107  103   99   96   93   92   92   92   94   95   97
   98   99   98   96   93   89   84   78   73   67   61   56   52   48   45   44
   43   44   45   48   51   55   59   63   68
    70.0-180.0 180.0   5.0 450.0                            LAT/LON1/LON2/DLON/H
   65   70   75   81   86   91   97  103  109  114  120  124  129  132  135  137
  139  141  143  144  144  144  144  143  141  139  137  135  133  131  129  127
  125  122  119  115  111  107  102   98   95   93   91   92   93   95   97   99
  100  100   98   95   90   84   78   71   64   57   51   46   42   38   36   35
   35   36   39   42   46   50   55   60   65
    67.5-180.0 180.0   5.0 450.0                            LAT/LON1/LON2/DLON/H
   65   70   75   80   85   90   95  100  106  111  116  121  125  129  133  136
  139  143  146  149  151  152  153  152  150  147  144  140  137  134  131  128
  125  121  118  114  110  105  101   97   94   93   92   93   95   98  101  103
  104  103  100   95   88   81   73   65   58   52   46   41   37   34   32   32
   32   34   37   41   45   50   54   60   65
    65.0-180.0 180.0   5.0 450.0                            LAT/LON1/LON2/DLON/H
   64   69   74   79   84   89   94   98  103  108  113  118  122  127  131  135
  140  145  150  155  159  161  162  161  158  154  149  144  139  135  130  126
  123  119  115  111  107  103  100   97   95   94   94   96   99  102  105  107
  108  105  101   94   86   78   69   62   55   50   45   41   38   35   34   33
   34   35   38   41   45   49   54   59   64
    62.5-180.0 180.0   5.0 450.0                            LAT/LON1/LON2/DLON/H
   61   67   72   77   82   87   92   97  102  107  112  116  121  125  130  135
  141  148  155  161  166  169  170  168  164  159  153  147  141  135  130  125
  121  116  112  109  105  102   99   97   96   96   97   99  102  106  109  111
  110  107  101   93   84   75   67   60   55   51   48   46   43   41   39   38
   37   38   39   42   44   48   52   56   61
    60.0-180.0 180.0   5.0 450.0                            LAT/LON1/LON2/DLON/H
   55   60   66   73   79   85   90   96  101  106  111  115  120  124  130  136
  143  151  159  166  171  174  175  173  169  163  156  149  143  137  131  126
  121  117  112  109  105  103  101  100   99  100  101  103  106  109  111  113
  112  108  101   92   82   73   65   60   57   56   55   53   51   49   46   44
   42   41   40   41   42   43   46   50   55
    57.5-180.0 180.0   5.0 450.0                            LAT/LON1/LON2/DLON/H
   45   51   58   66   74   82   88   95  101  106  111  115  120  125  130  137
  146  154  162  169  174  177  177  175  171  165  159  152  146  140  135  130
  126  121  117  113  110  108  106  106  106  106  106  107  109  111  113  114
  112  108  100   90   80   72   66   63   62   63   64   63   61   58   54   50
   46   43   41   39   38   37   38   41   45
    55.0-180.0 180.0   5.0 450.0                            LAT/LON1/LON2/DLON/H
   36   42   50   59   69   78   87   95  101  107  111  116  120  126  132  140
  149  157  165  171  175  177  177  175  171  167  162  156  152  147  143  139
  135  130  125  121  118  116  115  114  114  114  114  113  113  114  115  115
  113  108  101   91   82   74   69   68   70   72   74   74   71   67   61   55
   50   45   41   37   34   32   31   33   36
    52.5-180.0 180.0   5.0 450.0                            LAT/LON1/LON2/DLON/H
   31   36   44   54   65   77   87   96  104  109  113  117  122  127  134  143
  152  161  168  172  175  176  176  174  172  169  166  162  159  156  154  150
  146  142  137  133  129  127  126  125  125  124  123  121  119  119  118  118
  116  112  105   96   87   80   77   77   80   83   85   84   81   75   68   61
   54   48   43   38   34   30   28   28   31
    50.0-180.0 180.0   5.0 450.0                            LAT/LON1/LON2/DLON/H
   31   35   42   52   64   78   90  100  108  113  116  119  123  129  137  147
  156  164  170  173  174  175  175  175  174  173  171  169  167  166  164  162
  158  154  149  144  141  138  137  136  136  135  133  130  127  126  125  124
  123  120  114  106   98   92   89   89   92   95   96   95   90   83   75   68
   61   54   48   43   39   35   32   30   31
    47.5-180.0 180.0   5.0 450.0                            LAT/LON1/LON2/DLON/H
   38   39   44   54   66   81   95  106  114  118  120  122  125  132  141  151
  161  169  173  175  175  175  176  178  179  179  177  176  175  174  173  171
  168  164  159  155  151  148  147  146  146  145  143  141  138  136  135  135
  135  132  128  121  114  108  104  104  106  108  108  105   99   92   84   76
   69   63   57   53   49   45   42   39   38
    45.0-180.0 180.0   5.0 450.0                            LAT/LON1/LON2/DLON/H
   50   48   51   58   70   85  101  113  121  124  125  126  129  135  145  156
  167  174  178  178  178  178  181  184  186  186  184  182  180  179  178  176
  174  170  167  163  160  158  156  156  155  155  154  152  150  149  149  149
  149  148  144  139  132  126  122  120  120  120  119  115  108  101   93   86
   80   74   70   66   63   60   57   53   50
    42.5-180.0 180.0   5.0 450.0                            LAT/LON1/LON2/DLON/H
   64   60   59   64   75   90  106  120  128  131  131  130  133  140  150  162
  173  181  183  183  183  185  189  193  195  194  190  186  183  182  181  179
  178  176  174  173  171  169  167  165  165  165  164  164  164  164  165  165
  165  164  161  156  150  144  138  135  133  132  129  124  117  110  104   98
   93   87   83   80   78   77   74   69   64
    40.0-180.0 180.0   5.0 450.0                            LAT/LON1/LON2/DLON/H
   78   71   67   69   78   93  110  125  135  138  137  136  139  146  157  169
  180  187  190  190  191  194  199  204  205  202  196  190  186  184  184  183
  183  184  185  186  185  183  180  177  176  175  175  176  178  180  181  181
  180  178  175  170  164  157  151  146  143  140  137  132  126  120  115  110
  105  100   96   93   92   91   89   85   78
    37.5-180.0 180.0   5.0 450.0                            LAT/LON1/LON2/DLON/H
   88   80   74   73   79   93  111  128  139  143  144  144  146  154  165  177
  187  194  197  198  200  204  210  214  214  209  202  195  191  191  192  193
  195  199  204  208  209  206  201  195  190  187  187  189  192  195  196  195
  192  187  182  177  171  165  158  152  148  145  142  137  132  128  125  121
  117  111  106  103  102  101  100   96   88
    35.0-180.0 180.0   5.0 450.0                            LAT/LON1/LON2/DLON/H
   94   85   77   74   78   91  109  127  140  147  150  152  156  163  173  184
  193  200  203  205  208  213  219  223  222  216  208  203  203  205  209  213
  218  225  234  240  242  238  229  218  209  202  200  201  205  208  209  205
  199  190  183  177  171  165  158  152  148  145  143  139  136  134  132  130
  125  119  113  108  106  106  105  101   94
    32.5-180.0 180.0   5.0 450.0                            LAT/LON1/LON2/DLON/H
   96   88   79   74   75   86  104  123  139  149  155  160  166  173  182  190
  198  204  208  212  216  221  226  229  227  222  218  218  223  230  238  245
  253  264  275  284  285  278  264  248  233  222  216  215  218  221  219  212
  201  189  178  171  165  159  153  147  143  141  140  138  136  135  135  134
  130  124  116  110  107  106  105  102   96
    30.0-180.0 180.0   5.0 450.0                            LAT/LON1/LON2/DLON/H
   95   89   81   74   73   81   98  118  136  150  160  168  176  183  190  195
  201  206  211  217  222  226  230  232  232  231  233  241  253  267  278  288
  298  311  325  333  333  322  303  281  260  244  235  231  232  233  229  218
  202  185  171  162  156  150  144  138  135  134  134  134  133  133  134  134
  131  125  117  110  106  103  102   99   95
    27.5-180.0 180.0   5.0 450.0                            LAT/LON1/LON2/DLON/H
   94   90   83   76   73   78   93  113  133  150  164  175  185  192  196  199
  202  207  214  221  226  230  233  235  238  243  255  272  293  312  326  337
  349  362  376  383  379  364  340  314  290  270  256  250  248  246  239  225
  204  183  166  155  148  142  135  129  126  126  127  127  127  127  129  131
  130  124  117  110  105  101   98   97   94
    25.0-180.0 180.0   5.0 450.0                            LAT/LON1/LON2/DLON/H
   95   92   87   80   75   78   90  109  130  150  166  181  192  199  201  201
  202  208  216  225  231  234  236  240  248  262  283  311  338  361  376  386
  396  408  420  424  416  397  371  343  317  296  281  272  267  262  252  234
  210  186  166  153  145  138  130  124  120  119  120  120  120  120  123  126
  126  123  118  112  106  101   97   95   95
    22.5-180.0 180.0   5.0 450.0                            LAT/LON1/LON2/DLON/H
   96   96   92   85   80   81   91  109  129  150  169  185  197  204  204  203
  203  209  220  230  237  240  243  249  264  287  318  353  385  407  420  426
  433  442  450  450  438  416  390  364  341  322  307  296  289  281  268  248
  222  196  174  160  151  142  133  124  119  117  116  115  113  113  116  121
  123  122  119  115  109  104   99   96   96
    20.0-180.0 180.0   5.0 450.0                            LAT/LON1/LON2/DLON/H
   99   99   96   90   85   85   94  110  130  151  171  188  201  207  207  205
  206  214  226  239  247  250  254  265  286  317  356  395  426  445  452  453
  456  460  463  458  443  421  398  378  360  346  333  323  313  303  288  266
  240  213  190  175  164  154  143  132  123  119  116  113  110  109  112  117
  121  122  121  118  115  109  103   99   99
    17.5-180.0 180.0   5.0 450.0                            LAT/LON1/LON2/DLON/H
  100  100   98   93   88   89   97  113  133  153  173  190  203  209  210  209
  211  221  236  250  259  264  271  286  313  351  393  431  458  469  470  465
  463  463  461  451  434  414  396  384  375  367  358  349  338  325  308  286
  260  234  212  195  183  172  159  145  134  127  121  116  111  109  111  116
  120  122  122  122  119  114  107  102  100
    15.0-180.0 180.0   5.0 450.0                            LAT/LON1/LON2/DLON/H
   99   97   95   90   88   90  100  117  136  156  175  192  204  212  214  215
  220  231  248  264  275  281  291  311  343  384  426  459  477  481  474  465
  458  455  448  436  418  402  392  388  388  386  381  372  359  344  325  303
  279  255  233  217  204  192  178  163  149  138  129  121  115  112  114  117
  120  121  122  123  122  117  110  103   99
    12.5-180.0 180.0   5.0 450.0                            LAT/LON1/LON2/DLON/H
   96   91   87   84   83   88  101  119  139  159  177  194  207  215  220  224
  231  244  262  279  291  300  313  336  372  413  450  476  485  481  469  457
  449  444  435  421  405  393  390  394  399  401  398  389  375  357  336  315
  293  271  251  234  222  210  196  180  164  150  139  129  122  118  118  120
  121  120  120  121  121  118  110  102   96
    10.0-180.0 180.0   5.0 450.0                            LAT/LON1/LON2/DLON/H
   90   83   77   73   75   83   99  119  141  162  180  196  209  220  228  235
  244  258  276  293  305  316  333  359  396  434  465  482  485  476  462  451
  443  438  429  416  402  395  397  404  411  413  409  398  381  360  338  317
  298  278  259  243  231  221  208  192  175  160  147  136  129  125  124  123
  121  117  115  116  117  114  108   99   90
     7.5-180.0 180.0   5.0 450.0                            LAT/LON1/LON2/DLON/H
   84   74   67   62   65   75   94  117  141  164  183  199  213  226  237  247
  258  272  288  304  317  329  348  377  412  447  471  482  479  470  458  450
  446  441  434  423  414  411  414  420  423  420  411  396  376  353  329  309
  291  274  257  241  230  221  211  196  180  164  151  140  133  129  127  125
  120  113  109  109  110  109  103   94   84
     5.0-180.0 180.0   5.0 450.0                            LAT/LON1/LON2/DLON/H
   79   68   58   53   56   68   88  114  140  165  185  203  218  233  248  260
  272  285  298  312  324  338  358  387  421  451  471  477  474  468  462  459
  458  456  451  444  438  437  438  438  433  421  404  384  360  335  311  291
  275  259  243  229  219  211  203  191  175  161  148  139  133  130  128  124
  117  108  102  101  102  102   98   89   79
     2.5-180.0 180.0   5.0 450.0                            LAT/LON1/LON2/DLON/H
   76   65   55   49   51   63   83  110  139  165  188  207  224  242  259  273
  285  296  306  317  328  342  363  391  423  450  466  472  473  472  473  474
  476  476  473  470  468  467  464  454  437  413  388  362  336  309  285  266
  250  236  220  207  198  192  186  175  162  149  139  133  128  126  124  120
  112  103   96   94   95   96   93   86   76
