interface/IONEXdata/CODG0210.22I
     1.0            IONOSPHERE MAPS     GNSS                IONEX VERSION / TYPE
ADDNEQ2 V5.3        AIUB                04-FEB-22 12:23     PGM / RUN BY / DATE 
CODE'S GLOBAL IONOSPHERE MAPS FOR DAY 021, 2022             COMMENT             
Global ionosphere maps (GIM) are generated on a daily basis DESCRIPTION         
at CODE using data from about 300 GNSS sites of the IGS and DESCRIPTION         
other institutions. The vertical total electron content     DESCRIPTION         
(VTEC) is modeled in a solar-geomagnetic reference frame    DESCRIPTION         
using a spherical harmonics expansion up to degree and      DESCRIPTION         
order 15. Piece-wise linear functions are used for          DESCRIPTION         
representation in the time domain. The time spacing of      DESCRIPTION         
their vertices is 1 hour, conforming with the epochs of the DESCRIPTION         
VTEC maps.                                                  DESCRIPTION         
To convert line-of-sight TEC into vertical TEC, a modified  DESCRIPTION         
single-layer model mapping function approximating the JPL   DESCRIPTION         
extended slab model mapping function is adopted. The        DESCRIPTION         
mapping function is evaluated at geodetic satellite         DESCRIPTION         
elevation angles. For the computation of the ionospheric    DESCRIPTION         
pierce points, a spherical layer with a radius of 6821 km   DESCRIPTION         
is assumed, implying geocentric, not geodetic IONEX         DESCRIPTION         
latitudes.                                                  DESCRIPTION         
Instrumental biases with respect to each involved GNSS code DESCRIPTION         
observable are estimated as constant values for each        DESCRIPTION         
day. They are modeled with one set of bias parameters for   DESCRIPTION         
each satellite and each station in case of GPS and for each DESCRIPTION         
satellite-station link in case of GLONASS. The code bias    DESCRIPTION         
datum is defined by zero-mean conditions imposed on the     DESCRIPTION         
satellite bias estimates. In this file, just GPS C1W-C2W    DESCRIPTION         
satellite and station bias values are included. The         DESCRIPTION         
complete set of GNSS code bias results is provided in an    DESCRIPTION         
additional Bias-SINEX file as pseudo-absolute values        DESCRIPTION         
specific to each observable.                                DESCRIPTION         
Note: These GIM results correspond to the results for the   DESCRIPTION         
middle day of a 3-day combination analysis solving for 73   DESCRIPTION         
times 256, or 18688 VTEC parameters and 3 daily sets of     DESCRIPTION         
GNSS code bias parameters.                                  DESCRIPTION         
Contact address: code(at)aiub.unibe.ch                      DESCRIPTION         
Data archive:    ftp.aiub.unibe.ch/CODE/                    DESCRIPTION         
                 www.aiub.unibe.ch/download/CODE/           DESCRIPTION         
  2022     1    21     0     0     0                        EPOCH OF FIRST MAP  
  2022     1    22     0     0     0                        EPOCH OF LAST MAP   
  3600                                                      INTERVAL            
[...]
badg bake bako barh bjfs bndy bogo bogt bor1 braz brft brst COMMENT             
brux bshm cags cas1 ccj2 cedu chpg chpi chti chur ckis coco COMMENT             
cord cpvg cro1 daej darw dav1 dgar dhlg drao dubo ebre faa1 COMMENT             
fair flin flrs frdn ftna func ganp glps glsv gode godz gol2 COMMENT             
gold gope gras graz guug harb hers hert hlfx hnpt hob2 hofn COMMENT             
holb hrao hyde ieng iisc invk iqal isba joz2 joze karr kerg COMMENT             
kir0 kiru kit3 kokb kokv koug kour krgg laut lmmf lpal lpgs COMMENT             
m0se mac1 madr mal2 mana mas1 mat1 mate maw1 mcil mcm4 mdo1 COMMENT             
mdvj medi mets mgue mizu mkea mobj mobs monp morp mqzg mro1 COMMENT             
mtka nano nico nist nklg nlib nnor not1 nrc1 ntus nya1 nyal COMMENT             
ohi2 onsa opmt ous2 pado parc park pdel penc pie1 pimo pohn COMMENT             
pol2 polv pots pove prds ptbb qaq1 quin rabt ramo reun reyk COMMENT             
rgdg rio2 riop salu samo sant savo sch2 scor scrz sctb scub COMMENT             
seyg sofi spt0 sthl stjo stk2 str2 suth sutm suwn sydn syog COMMENT             
tabl tabv tash tehn thtg thti thu2 tid1 tidb tixg tlse tow2 COMMENT             
tro1 tsea tskb tuva twtf uclu ufpr ulab unb3 unbj unbn urum COMMENT             
usn7 usud vald vill voim wab2 wark wes2 wgtn whit will wind COMMENT             
wsrt wtza wtzl wtzr wtzs wtzz wuhn xmis yakt yar2 yar3 yarr COMMENT             
yell ykro yssk zamb zeck zim2 zim3 zimm                     COMMENT             
                                                            END OF HEADER       
[from data line 8151]
    20                                                      START OF TEC MAP    
  2022     1    21    19     0     0                        EPOCH OF CURRENT MAP
    87.5-180.0 180.0   5.0 450.0                            LAT/LON1/LON2/DLON/H
   56   56   56   56   57   57   57   57   58   58   58   59   59   59   60   60
   60   61   61   61   61   62   62   62   62   62   62   63   63   63   62   62
   62   62   62   62   61   61   61   60   60   60   60   59   59   59   58   58
   58   58   58   57   57   57   57   57   57   57   57   57   57   56   56   56
   56   56   56   56   56   56   56   56   56
    85.0-180.0 180.0   5.0 450.0                            LAT/LON1/LON2/DLON/H
   51   51   51   51   51   51   51   52   53   53   54   55   56   57   58   58
   59   60   61   61   62   62   63   63   63   64   64   64   64   64   64   64
   64   64   63   63   62   62   61   60   59   59   58   57   57   56   56   55
   55   55   54   54   54   54   54   54   54   54   54   54   54   54   54   54
   53   53   53   52   52   52   51   51   51
    82.5-180.0 180.0   5.0 450.0                            LAT/LON1/LON2/DLON/H
   44   44   43   43   43   43   44   44   46   47   49   50   52   53   55   56
   58   59   59   60   61   61   62   62   62   63   63   64   64   65   65   65
   65   65   65   64   63   62   61   60   59   57   56   55   54   53   53   52
   52   52   52   52   52   52   53   53   53   53   53   53   53   53   53   52
   52   51   50   49   48   47   46   45   44
    80.0-180.0 180.0   5.0 450.0                            LAT/LON1/LON2/DLON/H
   38   37   35   34   34   34   35   36   38   41   44   46   49   52   54   56
   57   58   59   59   59   59   59   59   60   60   61   62   63   64   65   65
   66   66   66   66   65   63   62   60   59   57   55   54   53   52   51   51
   51   52   52   52   53   53   53   54   54   54   54   54   53   53   53   52
   51   50   49   48   46   44   42   40   38
    77.5-180.0 180.0   5.0 450.0                            LAT/LON1/LON2/DLON/H
   35   32   29   28   27   27   28   30   33   37   41   46   50   53   56   59
   60   61   60   60   59   58   57   56   56   57   57   58   60   61   63   64
   65   66   67   66   66   64   63   61   59   57   55   54   53   53   52   53
   53   54   55   56   56   56   56   56   56   56   55   55   54   54   53   53
   52   51   50   48   46   43   41   38   35
    75.0-180.0 180.0   5.0 450.0                            LAT/LON1/LON2/DLON/H
   34   30   27   24   23   23   24   27   32   37   43   49   55   60   64   66
   68   67   66   64   62   59   57   55   54   53   54   54   56   57   59   61
   63   64   65   65   65   64   62   60   59   57   55   55   54   55   55   56
   58   59   60   61   61   61   60   60   58   57   56   55   54   54   53   53
   53   52   51   50   48   45   42   38   34
    72.5-180.0 180.0   5.0 450.0                            LAT/LON1/LON2/DLON/H
   36   32   28   25   23   23   25   29   35   42   50   58   65   72   76   79
   80   79   77   73   69   65   61   57   54   53   52   51   52   53   54   56
   57   59   60   60   60   60   59   57   56   55   55   55   55   57   58   60
   62   64   65   66   66   65   63   61   59   57   55   53   52   52   52   52
   52   52   52   51   50   47   44   40   36
    70.0-180.0 180.0   5.0 450.0                            LAT/LON1/LON2/DLON/H
   40   36   32   29   28   28   31   36   42   51   61   70   80   87   93   96
   96   95   91   86   80   75   69   64   59   55   52   50   49   48   48   48
   49   50   50   51   51   51   51   51   50   51   51   53   55   57   60   62
   65   67   68   68   67   65   62   59   56   53   51   49   48   48   48   49
   50   51   51   51   51   49   47   44   40
    67.5-180.0 180.0   5.0 450.0                            LAT/LON1/LON2/DLON/H
   43   40   37   35   35   36   39   45   53   63   74   85   95  104  111  114
  115  113  109  103   96   88   81   75   68   62   57   52   48   44   41   39
   38   38   38   38   39   39   40   40   41   43   45   48   51   55   58   61
   63   65   65   64   62   59   56   52   49   46   44   42   42   42   43   45
   46   47   48   48   48   48   47   45   43
    65.0-180.0 180.0   5.0 450.0                            LAT/LON1/LON2/DLON/H
   43   42   42   42   43   45   50   57   65   76   87   99  111  120  128  132
  133  131  127  120  113  105   97   89   81   73   65   57   50   43   37   32
   28   26   25   25   25   26   27   28   30   33   37   41   45   49   52   55
   56   57   56   54   51   48   44   41   38   35   34   34   35   36   37   39
   40   41   41   42   42   43   43   43   43
    62.5-180.0 180.0   5.0 450.0                            LAT/LON1/LON2/DLON/H
   39   41   44   47   50   55   61   68   77   88   99  112  123  134  142  147
  149  147  143  137  129  121  113  105   96   87   77   67   56   46   37   29
   23   18   15   14   13   14   15   17   20   24   28   33   38   41   44   45
   45   44   42   39   36   33   29   26   24   24   24   26   28   30   32   33
   34   33   33   32   33   33   35   37   39
    60.0-180.0 180.0   5.0 450.0                            LAT/LON1/LON2/DLON/H
   32   37   43   49   56   63   70   78   88   98  109  121  132  143  152  158
  160  160  156  150  143  136  128  120  112  102   91   79   67   54   42   32
   23   17   12    9    8    7    8   10   13   17   22   26   30   33   34   34
   32   30   27   23   20   17   14   13   12   14   16   20   23   27   29   29
   29   27   25   23   22   22   24   28   32
    57.5-180.0 180.0   5.0 450.0                            LAT/LON1/LON2/DLON/H
   25   32   41   50   60   69   78   87   96  106  116  126  138  148  157  164
  167  167  164  158  152  146  139  133  126  117  106   94   80   67   54   42
   32   23   17   13   10    8    8    8   11   14   19   23   26   27   27   24
   21   17   14   10    7    5    3    3    5    7   12   17   22   26   29   29
   27   23   19   15   13   12   14   18   25
    55.0-180.0 180.0   5.0 450.0                            LAT/LON1/LON2/DLON/H
   19   28   39   51   63   74   85   94  103  111  120  130  140  150  159  166
  170  170  167  162  156  151  147  142  137  130  120  109   96   83   70   57
   46   36   29   24   20   17   15   14   16   18   21   24   26   25   23   19
   15   11    7    4    2    1    0    1    3    7   13   19   25   29   32   31
   29   24   19   13    9    7    8   12   19
    52.5-180.0 180.0   5.0 450.0                            LAT/LON1/LON2/DLON/H
   18   28   40   53   66   79   91  101  109  116  123  131  140  150  158  165
  168  168  166  161  156  153  151  149  146  141  133  123  111   99   86   74
   62   52   45   39   35   31   28   27   26   27   29   30   30   28   24   20
   16   12   10    8    7    6    7    8   10   14   19   25   31   35   37   37
   35   30   24   18   12    9    8   11   18
    50.0-180.0 180.0   5.0 450.0                            LAT/LON1/LON2/DLON/H
   23   32   44   57   71   85   97  107  115  121  126  133  140  149  157  163
  165  165  162  157  154  152  153  154  153  149  143  133  123  111   99   88
   76   67   60   55   52   48   45   42   40   40   40   40   38   35   31   27
   23   21   20   20   21   21   21   22   23   26   30   35   39   42   44   44
   43   40   35   28   22   17   16   17   23
    47.5-180.0 180.0   5.0 450.0                            LAT/LON1/LON2/DLON/H
   33   41   52   64   78   91  103  113  120  125  129  135  141  149  155  160
  162  161  157  153  151  152  155  158  159  156  149  139  128  117  106   95
   84   75   69   67   66   64   61   58   55   53   52   51   48   45   41   37
   36   36   37   38   40   40   40   40   40   42   44   46   48   50   51   52
   52   51   48   43   37   31   28   29   33
    45.0-180.0 180.0   5.0 450.0                            LAT/LON1/LON2/DLON/H
   46   53   62   73   85   97  109  118  125  129  133  138  143  150  155  159
  159  158  154  151  150  153  158  162  164  160  151  139  127  116  105   93
   83   75   72   73   75   76   75   71   68   65   64   61   58   54   51   49
   50   52   55   57   59   60   59   58   58   57   57   57   57   57   57   59
   61   62   61   58   52   47   43   43   46
    42.5-180.0 180.0   5.0 450.0                            LAT/LON1/LON2/DLON/H
   60   66   73   82   92  103  114  123  129  134  137  141  147  152  157  159
  159  157  154  152  153  157  163  168  169  162  150  135  121  109   97   85
   75   69   69   74   80   84   84   81   77   75   73   70   67   63   60   60
   62   65   69   72   74   74   74   73   72   70   69   66   64   62   62   64
   68   71   72   70   65   60   57   56   60
    40.0-180.0 180.0   5.0 450.0                            LAT/LON1/LON2/DLON/H
   70   76   83   90   99  108  117  126  133  137  141  146  151  157  160  162
  161  160  158  157  159  163  169  174  172  163  147  129  113  100   88   76
   67   62   65   73   83   90   91   88   84   81   79   77   73   69   67   68
   70   73   77   79   81   81   81   80   80   79   77   73   69   66   65   67
   71   76   78   76   72   67   65   66   70
    37.5-180.0 180.0   5.0 450.0                            LAT/LON1/LON2/DLON/H
   77   84   91   97  103  111  119  128  136  141  145  150  156  161  165  166
  166  165  165  165  167  171  175  178  174  162  144  124  107   95   84   73
   64   61   65   77   89   96   97   93   89   86   84   82   78   74   72   72
   73   76   77   79   79   80   80   81   82   82   81   78   73   69   67   69
   73   77   79   77   72   68   67   70   77
    35.0-180.0 180.0   5.0 450.0                            LAT/LON1/LON2/DLON/H
   79   89   96  102  107  113  121  130  139  145  150  155  161  167  170  171
  171  172  173  174  175  177  179  180  175  162  143  124  110  100   92   83
   74   72   77   90  102  107  105   99   94   91   89   87   83   78   76   74
   74   74   73   72   72   72   73   76   79   82   82   80   76   72   69   70
   73   76   76   73   68   64   64   70   79
    32.5-180.0 180.0   5.0 450.0                            LAT/LON1/LON2/DLON/H
   79   91  100  106  110  115  124  134  143  150  155  160  166  172  175  176
  177  178  181  182  182  181  180  178  173  162  147  133  123  119  115  109
  101   99  104  114  123  124  118  108  101   98   97   94   89   84   80   77
   74   70   67   64   62   63   65   69   74   79   81   81   78   74   71   71
   73   74   73   67   61   57   58   67   79
    30.0-180.0 180.0   5.0 450.0                            LAT/LON1/LON2/DLON/H
   79   94  105  111  114  120  128  140  150  157  162  166  172  176  179  180
  180  183  186  187  184  180  177  174  171  165  157  151  150  153  155  151
  144  140  143  149  152  147  134  121  112  108  107  103   98   92   87   82
   76   69   63   59   57   57   59   64   70   76   80   81   79   76   73   72
   73   73   69   62   55   51   53   64   79
    27.5-180.0 180.0   5.0 450.0                            LAT/LON1/LON2/DLON/H
   82   99  111  118  122  127  137  149  160  167  171  174  177  181  182  182
  182  184  187  187  183  177  171  170  171  173  175  180  189  199  206  204
  197  191  189  189  184  171  152  135  125  121  119  115  109  102   96   90
   82   73   66   61   58   58   60   64   69   74   78   80   79   77   74   73
   73   72   68   60   52   48   52   64   82
    25.0-180.0 180.0   5.0 450.0                            LAT/LON1/LON2/DLON/H
   87  106  119  127  132  138  149  162  174  180  182  183  184  185  185  183
  182  183  185  185  180  173  167  169  176  187  201  216  234  250  260  260
  251  241  234  226  213  192  168  149  138  135  133  128  121  114  108  100
   92   82   75   71   68   67   67   68   71   75   77   79   78   77   75   73
   73   72   69   62   54   51   56   69   87
    22.5-180.0 180.0   5.0 450.0                            LAT/LON1/LON2/DLON/H
   96  115  130  139  145  153  164  179  190  196  196  194  192  192  190  186
  183  182  183  183  179  172  169  174  188  209  232  256  279  298  308  307
  296  282  269  253  233  206  179  159  150  148  145  139  131  124  119  112
  104   95   89   87   85   83   80   77   77   77   77   78   77   75   73   72
   73   73   71   65   59   58   63   77   96
    20.0-180.0 180.0   5.0 450.0                            LAT/LON1/LON2/DLON/H
  105  124  140  151  160  169  182  197  209  214  212  207  204  202  199  193
  187  184  184  185  183  179  180  189  209  236  265  293  318  335  342  338
  325  307  288  267  241  210  183  165  159  157  154  147  138  132  128  123
  116  110  106  105  104  100   94   88   83   80   78   76   75   73   71   70
   71   72   72   70   66   66   73   87  105
    17.5-180.0 180.0   5.0 450.0                            LAT/LON1/LON2/DLON/H
  114  133  150  163  174  185  199  215  227  232  229  223  220  217  213  206
  197  192  192  195  196  198  202  215  238  267  297  324  344  356  358  350
  334  315  292  267  237  207  181  167  163  163  159  150  141  136  133  131
  126  122  121  122  121  116  107   97   89   82   78   75   73   71   68   66
   67   70   73   73   72   74   81   95  114
    15.0-180.0 180.0   5.0 450.0                            LAT/LON1/LON2/DLON/H
  120  139  157  172  186  200  216  232  244  249  247  242  240  238  235  227
  217  211  210  215  222  228  237  251  273  299  324  345  357  360  356  345
  329  309  285  258  228  199  176  166  165  165  160  150  140  136  136  136
  133  132  132  134  132  125  113  102   92   84   78   74   72   70   66   63
   64   68   72   74   75   79   88  102  120
    12.5-180.0 180.0   5.0 450.0                            LAT/LON1/LON2/DLON/H
  123  142  161  179  196  212  229  246  260  266  266  264  264  266  264  256
  246  239  240  247  258  269  280  293  309  327  344  355  357  352  343  330
  316  298  276  249  220  192  174  166  166  165  159  148  139  136  138  140
  139  138  139  139  136  127  114  102   91   83   77   74   72   70   66   62
   62   65   69   72   75   80   91  105  123
    10.0-180.0 180.0   5.0 450.0                            LAT/LON1/LON2/DLON/H
  125  144  164  184  203  222  241  259  273  281  284  287  292  297  298  293
  283  277  278  287  301  315  327  335  342  350  355  355  349  338  326  316
  307  293  274  248  220  194  177  170  169  167  158  147  139  139  142  145
  145  143  142  140  134  123  110   98   89   82   77   75   74   73   68   64
   62   64   67   70   73   80   92  108  125
     7.5-180.0 180.0   5.0 450.0                            LAT/LON1/LON2/DLON/H
  128  146  166  187  209  231  251  269  284  295  303  311  322  331  335  332
  325  319  320  330  346  361  370  371  368  364  358  350  339  326  317  312
  309  301  285  261  233  208  190  181  177  172  162  152  146  147  152  155
  154  150  145  139  129  116  104   94   87   81   77   77   78   78   74   69
   66   66   67   69   72   80   93  110  128
     5.0-180.0 180.0   5.0 450.0                            LAT/LON1/LON2/DLON/H
  133  150  170  192  215  238  260  279  295  308  321  335  350  363  370  370
  364  359  360  370  385  399  404  397  384  370  357  345  334  325  321  324
  328  326  312  288  260  232  211  198  189  181  172  163  160  163  169  172
  169  161  152  140  126  112  100   92   87   82   80   80   83   84   82   77
   73   71   71   71   74   82   97  115  133
     2.5-180.0 180.0   5.0 450.0                            LAT/LON1/LON2/DLON/H
  141  157  175  197  222  246  268  287  304  320  336  355  374  390  399  400
  395  391  393  401  413  423  423  411  390  369  354  344  337  336  341  352
  362  363  350  325  294  264  239  220  206  196  188  183  182  188  194  195
  189  178  163  146  128  113  102   95   91   87   84   84   88   92   91   87
   83   80   78   76   79   88  105  124  141
