interface/IONEXdata/CODG0780.22I
     1.0            IONOSPHERE MAPS     GNSS                IONEX VERSION / TYPE
ADDNEQ2 V5.3        AIUB                23-MAR-22 21:09     PGM / RUN BY / DATE 
CODE'S GLOBAL IONOSPHERE MAPS FOR DAY 078, 2022             COMMENT             
Global ionosphere maps (GIM) are generated on a daily basis DESCRIPTION         
at CODE using data from about 300 GNSS sites of the IGS and DESCRIPTION         
other institutions. The vertical total electron content     DESCRIPTION         
(VTEC) is modeled in a solar-geomagnetic reference frame    DESCRIPTION         
using a spherical harmonics expansion up to degree and      DESCRIPTION         
order 15. Piece-wise linear functions are used for          DESCRIPTION         
representation in the time domain. The time spacing of      DESCRIPTION         
their vertices is 1 hour, conforming with the epochs of the DESCRIPTION         
VTEC maps.                                                  DESCRIPTION         
To convert line-of-sight TEC into vertical TEC, a modified  DESCRIPTION         
single-layer model mapping function approximating the JPL   DESCRIPTION         
extended slab model mapping function is adopted. The        DESCRIPTION         
mapping function is evaluated at geodetic satellite         DESCRIPTION         
elevation angles. For the computation of the ionospheric    DESCRIPTION         
pierce points, a spherical layer with a radius of 6821 km   DESCRIPTION         
is assumed, implying geocentric, not geodetic IONEX         DESCRIPTION         
latitudes.                                                  DESCRIPTION         
Instrumental biases with respect to each involved GNSS code DESCRIPTION         
observable are estimated as constant values for each        DESCRIPTION         
day. They are modeled with one set of bias parameters for   DESCRIPTION         
each satellite and each station in case of GPS and for each DESCRIPTION         
satellite-station link in case of GLONASS. The code bias    DESCRIPTION         
datum is defined by zero-mean conditions imposed on the     DESCRIPTION         
satellite bias estimates. In this file, just GPS C1W-C2W    DESCRIPTION         
satellite and station bias values are included. The         DESCRIPTION         
complete set of GNSS code bias results is provided in an    DESCRIPTION         
additional Bias-SINEX file as pseudo-absolute values        DESCRIPTION         
specific to each observable.                                DESCRIPTION         
Note: These GIM results correspond to the results for the   DESCRIPTION         
middle day of a 3-day combination analysis solving for 73   DESCRIPTION         
times 256, or 18688 VTEC parameters and 3 daily sets of     DESCRIPTION         
GNSS code bias parameters.                                  DESCRIPTION         
Contact address: code(at)aiub.unibe.ch                      DESCRIPTION         
Data archive:    ftp.aiub.unibe.ch/CODE/                    DESCRIPTION         
                 www.aiub.unibe.ch/download/CODE/           DESCRIPTION         
  2022     3    19     0     0     0                        EPOCH OF FIRST MAP  
  2022     3    20     0     0     0                        EPOCH OF LAST MAP   
  3600                                                      INTERVAL            
[...]
bjco bjfs bndy boav bogo bogt bor1 braz brft brst brux bshm COMMENT             
cags cas1 ccj2 cedu chpg chpi chti chur ckis coco cord cpvg COMMENT             
cro1 daej darw dav1 dgar dhlg drao dubo ebre faa1 fair flin COMMENT             
flrs frdn ftna func ganp glps glsv gode godz gope gras graz COMMENT             
guam guug harb hers hert hlfx hnlc hnpt hob2 holb hrao hyde COMMENT             
ieng iisc ineg invk iqal isba joz2 joze karr kerg kir0 kiru COMMENT             
kit3 kokb kokv koug kour krgg laut lmmf lpal lpgs m0se mac1 COMMENT             
madr mal2 mana mas1 mat1 mate maui maw1 mcil mcm4 mdo1 mdvj COMMENT             
medi mets mgue mizu mkea mobj mobs monp morp mqzg mro1 mtka COMMENT             
nano nico nist nklg nlib nnor not1 nrc1 ntus nya1 nyal ohi2 COMMENT             
onsa opmt ous2 pado parc park pdel penc pert pie1 pol2 polv COMMENT             
pots pove prds ptag ptbb qaq1 quin rabt ramo rbay reun reyk COMMENT             
rgdg rio2 riop salu samo sant savo sch2 scor scrz sctb scub COMMENT             
seyg smst sofi spt0 sthl stjo stk2 str2 suth sutm suwn sydn COMMENT             
syog tabl tabv thtg thti thu2 tid1 tidb tixg tlse tong tow2 COMMENT             
tro1 tsea tskb tuva twtf uclu ufpr ulab unbj unsa urum usn7 COMMENT             
usud vald vill voim wab2 wark wes2 wgtn whit will wind wsrt COMMENT             
wtzr wuhn xmis yakt yar2 yar3 yarr yell ykro yssk zamb zeck COMMENT             
zim2 zim3 zimm                                              COMMENT             
                                                            END OF HEADER       
[from data line 1716]
     5                                                      START OF TEC MAP    
  2022     3    19     4     0     0                        EPOCH OF CURRENT MAP
    87.5-180.0 180.0   5.0 450.0                            LAT/LON1/LON2/DLON/H
  127  127  128  129  129  130  131  132  133  134  135  135  136  137  138  139
  139  139  140  140  140  140  140  139  139  138  138  137  136  136  135  134
  133  133  132  131  131  130  130  130  129  129  129  129  129  128  128  128
  128  128  128  128  128  128  128  128  128  128  127  127  127  127  127  126
  126  126  126  126  126  126  126  127  127
    85.0-180.0 180.0   5.0 450.0                            LAT/LON1/LON2/DLON/H
  115  116  116  117  119  120  122  124  126  129  131  134  136  138  140  142
  143  144  145  145  145  144  143  142  140  139  137  135  133  130  129  127
  125  123  122  121  120  120  119  119  119  119  120  120  120  121  122  122
  123  124  124  125  126  126  126  126  126  126  126  125  124  124  123  122
  121  120  119  118  117  116  116  115  115
    82.5-180.0 180.0   5.0 450.0                            LAT/LON1/LON2/DLON/H
  104  103  103  104  105  106  109  112  115  119  123  127  131  134  138  141
  143  145  146  146  146  144  142  139  136  133  129  125  121  118  115  112
  109  107  106  105  104  104  104  105  105  107  108  109  111  113  115  117
  119  121  123  124  126  127  128  129  130  130  130  129  128  127  125  123
  121  119  117  114  112  109  107  105  104
    80.0-180.0 180.0   5.0 450.0                            LAT/LON1/LON2/DLON/H
   99   96   94   93   93   93   95   98  101  105  110  115  120  124  129  133
  136  139  140  141  140  138  135  131  126  121  116  110  105  101   97   93
   91   89   87   87   87   87   88   90   92   94   96   99  102  105  109  112
  116  119  123  126  129  132  134  136  138  139  139  139  138  137  136  133
  130  127  123  119  115  111  107  103   99
    77.5-180.0 180.0   5.0 450.0                            LAT/LON1/LON2/DLON/H
  104   99   94   90   87   86   86   87   89   92   95   99  104  109  113  118
  122  126  128  129  129  127  123  119  113  107  101   94   89   84   79   76
   74   72   72   72   72   73   75   77   79   82   86   90   94   99  104  109
  114  120  125  130  134  138  142  146  148  150  152  153  153  153  151  149
  147  143  139  134  129  123  117  110  104
    75.0-180.0 180.0   5.0 450.0                            LAT/LON1/LON2/DLON/H
  120  111  104   97   92   87   84   82   81   81   82   83   86   89   92   97
  101  106  109  112  113  112  110  105  100   94   87   81   75   70   67   64
   63   62   61   62   62   64   65   67   70   73   77   82   88   94  100  107
  114  121  128  134  140  146  151  155  159  162  164  166  167  168  168  167
  166  163  160  156  150  144  136  128  120
    72.5-180.0 180.0   5.0 450.0                            LAT/LON1/LON2/DLON/H
  142  132  122  113  105   97   91   86   81   76   73   70   68   68   70   73
   77   83   88   93   96   97   96   93   89   83   77   72   67   63   60   59
   58   57   57   57   57   57   58   60   62   65   70   76   83   91   99  107
  116  124  132  140  147  153  158  163  167  170  173  175  177  179  180  181
  181  181  180  177  173  168  160  152  142
    70.0-180.0 180.0   5.0 450.0                            LAT/LON1/LON2/DLON/H
  164  154  142  132  122  113  104   96   88   79   70   62   55   51   49   50
   54   60   68   74   80   84   85   83   80   76   71   67   64   61   60   59
   58   57   57   55   54   53   52   53   55   58   64   71   79   89   99  109
  120  129  138  146  152  158  163  167  171  174  176  178  180  182  184  186
  188  190  192  193  191  188  182  174  164
    67.5-180.0 180.0   5.0 450.0                            LAT/LON1/LON2/DLON/H
  181  170  159  148  138  129  120  110   99   87   74   61   49   40   34   33
   37   43   52   60   68   73   76   76   74   71   68   65   63   62   61   61
   60   59   57   54   51   48   46   46   47   52   58   67   78   90  102  113
  125  135  144  151  157  162  166  169  171  173  174  175  176  177  179  181
  184  189  193  197  199  199  196  190  181
    65.0-180.0 180.0   5.0 450.0                            LAT/LON1/LON2/DLON/H
  187  177  167  157  148  140  131  122  111   97   81   65   50   37   29   26
   28   34   43   52   60   66   69   70   69   67   65   63   62   62   62   62
   61   59   56   51   47   42   39   39   41   46   55   66   79   92  106  119
  131  141  150  156  162  165  167  169  169  169  169  169  168  168  168  169
  172  177  183  190  195  199  199  194  187
    62.5-180.0 180.0   5.0 450.0                            LAT/LON1/LON2/DLON/H
  183  174  165  156  148  142  136  129  119  106   90   73   56   42   32   27
   28   33   41   49   57   62   64   64   63   62   60   60   60   60   61   60
   59   56   52   46   41   36   33   33   36   43   53   67   82   97  112  126
  138  148  155  161  165  168  169  169  168  167  166  164  162  160  157  156
  157  160  167  175  183  189  192  189  183
    60.0-180.0 180.0   5.0 450.0                            LAT/LON1/LON2/DLON/H
  174  165  156  148  142  138  134  128  121  110   96   80   65   51   42   37
   37   40   46   51   56   59   59   58   57   55   55   55   56   56   57   56
   54   51   46   41   35   31   29   30   34   43   55   71   88  104  120  133
  145  154  161  166  169  171  171  171  170  168  167  166  163  159  153  148
  146  146  151  160  169  177  181  180  174
    57.5-180.0 180.0   5.0 450.0                            LAT/LON1/LON2/DLON/H
  167  158  148  140  134  130  127  122  116  107   97   85   72   62   54   50
   49   50   53   56   57   56   54   52   50   50   50   51   51   52   52   51
   49   46   42   37   33   30   29   31   37   47   61   77   95  112  128  141
  151  159  166  171  174  176  177  176  176  175  175  175  173  168  160  152
  145  142  144  151  160  169  174  173  167
    55.0-180.0 180.0   5.0 450.0                            LAT/LON1/LON2/DLON/H
  169  159  148  139  131  126  121  115  109  101   93   84   77   70   65   62
   61   60   60   59   57   54   51   48   47   47   49   50   50   50   50   48
   46   44   41   38   36   34   35   38   45   55   69   86  104  121  136  147
  157  164  171  177  182  185  186  187  187  188  190  191  191  186  178  167
  157  150  149  154  162  171  176  176  169
    52.5-180.0 180.0   5.0 450.0                            LAT/LON1/LON2/DLON/H
  184  174  162  151  141  132  123  113  103   94   86   81   76   74   71   70
   68   67   65   62   58   54   51   49   49   51   54   55   55   54   52   50
   48   47   46   45   44   44   45   49   55   65   78   95  112  129  143  154
  163  170  178  185  192  197  199  200  201  203  207  211  213  210  202  190
  178  168  165  168  175  184  190  190  184
    50.0-180.0 180.0   5.0 450.0                            LAT/LON1/LON2/DLON/H
  210  201  189  177  164  151  136  120  104   91   81   76   74   73   72   71
   70   69   66   63   60   57   55   56   59   63   66   67   65   62   59   56
   55   55   55   56   56   57   58   61   66   74   87  103  120  137  151  162
  170  178  186  196  204  211  215  216  217  219  224  229  233  232  226  215
  202  191  187  189  196  205  213  214  210
    47.5-180.0 180.0   5.0 450.0                            LAT/LON1/LON2/DLON/H
  240  234  224  212  198  181  161  138  114   95   81   74   71   70   69   69
   68   67   66   65   64   64   65   69   74   80   83   83   80   74   69   66
   64   65   67   68   69   70   71   72   76   83   95  110  128  145  160  171
  179  187  197  207  218  226  231  232  231  232  236  241  246  247  242  233
  222  212  207  209  217  227  237  241  240
    45.0-180.0 180.0   5.0 450.0                            LAT/LON1/LON2/DLON/H
  266  263  256  247  234  216  192  163  133  108   89   77   71   68   66   64
   64   64   65   68   71   75   80   86   93   99  101  100   94   87   80   75
   74   75   77   79   81   81   81   81   83   89  101  117  136  154  169  181
  189  198  208  220  231  240  245  245  243  242  243  246  250  251  248  241
  232  225  221  223  231  243  254  263  266
    42.5-180.0 180.0   5.0 450.0                            LAT/LON1/LON2/DLON/H
  278  280  277  271  261  244  220  189  156  126  102   86   76   70   65   62
   61   64   68   75   82   89   97  104  110  115  116  112  105   96   87   82
   81   83   85   86   87   87   87   87   88   95  107  124  144  164  180  191
  200  209  218  230  242  251  255  255  252  249  247  247  248  247  245  240
  234  229  227  228  235  246  260  271  278
    40.0-180.0 180.0   5.0 450.0                            LAT/LON1/LON2/DLON/H
  275  280  280  277  271  258  237  208  176  144  119  100   86   76   69   65
   64   68   76   85   95  105  112  118  122  124  123  118  109   99   91   85
   84   85   87   89   89   89   89   90   92   99  113  132  154  174  190  202
  210  218  226  237  248  257  262  263  260  256  252  249  247  244  240  237
  233  230  227  227  231  240  253  266  275
    37.5-180.0 180.0   5.0 450.0                            LAT/LON1/LON2/DLON/H
  260  265  265  264  260  253  237  214  185  157  132  113   98   85   77   72
   72   77   86   98  109  118  123  126  126  124  121  116  108   99   90   85
   84   85   86   87   88   89   90   92   96  105  121  141  164  184  199  209
  217  223  231  240  250  259  266  270  270  269  266  261  256  250  245  241
  238  235  231  226  225  229  239  251  260
    35.0-180.0 180.0   5.0 450.0                            LAT/LON1/LON2/DLON/H
  243  243  240  236  234  230  220  204  182  160  139  122  107   95   87   83
   84   90   99  109  119  126  128  127  122  118  114  110  104   97   90   85
   83   83   84   84   85   88   91   95  101  112  130  151  173  191  204  213
  219  225  231  239  249  259  270  279  286  290  291  289  283  275  268  263
  259  255  247  237  228  226  230  238  243
    32.5-180.0 180.0   5.0 450.0                            LAT/LON1/LON2/DLON/H
  236  228  217  207  202  199  193  182  167  151  137  124  112  103   96   94
   96  101  108  117  124  128  128  122  115  109  106  105  103   99   94   89
   85   84   83   83   84   88   93   99  107  120  138  159  179  195  205  212
  218  224  230  238  248  261  276  292  308  322  331  334  330  323  314  307
  301  295  283  267  251  240  237  238  236
    30.0-180.0 180.0   5.0 450.0                            LAT/LON1/LON2/DLON/H
  251  233  211  192  180  173  167  158  147  136  127  119  112  106  103  103
  105  109  113  118  123  125  123  117  110  105  104  107  110  109  105   99
   93   89   85   84   85   90   96  103  112  125  143  163  181  194  202  208
  214  222  230  240  252  267  288  312  337  362  381  393  394  389  379  371
  364  355  340  319  297  279  269  262  251
    27.5-180.0 180.0   5.0 450.0                            LAT/LON1/LON2/DLON/H
  293  265  232  203  182  168  155  143  131  122  117  113  109  106  105  107
  109  111  112  114  116  119  119  116  111  110  113  120  127  129  125  117
  107   99   92   89   89   93   99  105  113  125  143  162  178  189  195  201
  211  222  235  248  262  282  307  337  372  406  436  456  465  463  455  446
  438  428  412  390  364  342  326  312  293
    25.0-180.0 180.0   5.0 450.0                            LAT/LON1/LON2/DLON/H
  359  323  283  244  214  191  170  149  131  120  114  111  108  106  106  109
  110  110  108  106  108  113  118  122  124  127  134  144  153  156  151  139
  125  112  101   94   92   94   99  103  109  120  136  155  170  180  187  196
  210  227  246  263  282  305  333  367  407  447  485  514  529  532  527  518
  509  500  486  466  443  420  402  384  359
    22.5-180.0 180.0   5.0 450.0                            LAT/LON1/LON2/DLON/H
  437  399  355  313  277  245  213  181  154  136  126  120  116  112  111  112
  112  109  104  101  103  112  125  137  147  155  165  176  184  186  177  161
  143  125  110   99   94   93   95   97  100  108  124  143  160  171  181  194
  214  239  263  286  309  334  364  398  438  480  520  553  574  582  579  571
  564  557  549  535  518  499  483  464  437
    20.0-180.0 180.0   5.0 450.0                            LAT/LON1/LON2/DLON/H
  513  477  435  395  358  322  281  238  200  173  157  147  138  130  125  123
  121  115  109  104  107  119  139  160  178  190  199  208  213  210  198  178
  156  134  116  101   92   89   88   86   86   92  108  129  148  164  178  197
  224  255  286  314  341  367  395  426  460  498  536  569  592  602  602  596
  591  589  587  583  575  564  553  537  513
    17.5-180.0 180.0   5.0 450.0                            LAT/LON1/LON2/DLON/H
  569  541  507  474  443  407  362  311  264  229  206  190  176  162  152  145
  140  134  125  119  121  135  160  188  211  224  230  233  232  224  208  185
  160  137  117  100   88   82   78   74   71   76   92  115  139  159  179  204
  237  274  309  341  371  398  423  448  473  501  531  559  581  592  594  591
  588  591  597  604  606  604  598  588  569
    15.0-180.0 180.0   5.0 450.0                            LAT/LON1/LON2/DLON/H
  598  578  556  535  514  484  440  386  334  294  266  245  225  206  191  181
  174  167  158  149  148  160  185  216  240  251  251  246  237  224  205  181
  156  134  113   95   82   75   69   63   59   63   79  106  134  159  184  214
  251  291  329  363  394  421  443  461  476  492  512  531  549  560  564  563
  563  570  583  597  608  614  614  610  598
    12.5-180.0 180.0   5.0 450.0                            LAT/LON1/LON2/DLON/H
  598  588  577  569  559  539  501  450  398  356  326  303  279  257  238  226
  219  213  203  191  184  189  210  238  260  266  259  245  229  212  190  167
  144  125  107   91   78   70   64   57   52   55   72  101  132  161  190  223
  262  302  341  376  407  434  454  465  471  477  485  496  508  518  524  526
  529  539  555  574  590  600  604  604  598
    10.0-180.0 180.0   5.0 450.0                            LAT/LON1/LON2/DLON/H
  579  575  573  574  576  566  537  492  443  404  375  351  328  305  286  275
  270  266  256  240  224  219  231  253  269  269  253  232  211  190  169  147
  129  114  101   88   77   70   65   58   52   54   71  101  134  165  195  230
  268  306  342  376  408  436  454  462  463  462  462  465  472  482  491  497
  503  513  530  549  564  574  579  581  579
     7.5-180.0 180.0   5.0 450.0                            LAT/LON1/LON2/DLON/H
  555  554  555  561  569  566  546  508  466  430  404  383  362  343  328  320
  319  317  308  287  263  246  247  259  268  261  240  213  189  168  147  128
  114  105   97   89   80   75   71   65   58   60   75  104  136  167  198  231
  267  302  335  367  398  427  446  455  456  453  450  449  454  465  478  489
  498  508  521  535  546  552  555  556  555
     5.0-180.0 180.0   5.0 450.0                            LAT/LON1/LON2/DLON/H
  542  540  539  543  551  551  536  505  468  435  411  393  377  364  355  353
  356  358  350  326  294  268  257  260  262  249  224  195  170  150  131  114
  104   99   97   92   87   83   80   74   67   67   81  108  138  168  197  228
  261  292  321  350  381  411  434  447  452  453  452  452  458  472  490  506
  518  527  536  543  546  546  544  544  542
     2.5-180.0 180.0   5.0 450.0                            LAT/LON1/LON2/DLON/H
  550  545  538  535  536  533  519  491  456  424  400  384  374  368  366  370
  378  383  376  352  315  282  264  259  255  239  211  183  159  140  122  106
   98   97   98   97   94   91   88   82   75   75   87  110  139  166  193  222
  252  279  304  331  362  393  419  438  451  460  467  472  482  499  523  545
  560  568  572  571  567  560  555  553  550
