interface/IONEXdata/CODG0780.22I
     1.0            IONOSPHERE MAPS     GNSS                IONEX VERSION / TYPE
ADDNEQ2 V5.3        AIUB                23-MAR-22 21:09     PGM / RUN BY / DATE 
CODE'S GLOBAL IONOSPHERE MAPS FOR DAY 078, 2022             COMMENT             
Global ionosphere maps (GIM) are generated on a daily basis DESCRIPTION         
at CODE using data from about 300 GNSS sites of the IGS and DESCRIPTION         
other institutions. The vertical total electron content     DESCRIPTION         
(VTEC) is modeled in a solar-geomagnetic reference frame    DESCRIPTION         
using a spherical harmonics expansion up to degree and      DESCRIPTION         
order 15. Piece-wise linear functions are used for          DESCRIPTION         
representation in the time domain. The time spacing of      DESCRIPTION         
their vertices is 1 hour, conforming with the epochs of the DESCRIPTION         
VTEC maps.                                                  DESCRIPTION         
To convert line-of-sight TEC into vertical TEC, a modified  DESCRIPTION         
single-layer model mapping function approximating the JPL   DESCRIPTION         
extended slab model mapping function is adopted. The        DESCRIPTION         
mapping function is evaluated at geodetic satellite         DESCRIPTION         
elevation angles. For the computation of the ionospheric    DESCRIPTION         
pierce points, a spherical layer with a radius of 6821 km   DESCRIPTION         
is assumed, implying geocentric, not geodetic IONEX         DESCRIPTION         
latitudes.                                                  DESCRIPTION         
Instrumental biases with respect to each involved GNSS code DESCRIPTION         
observable are estimated as constant values for each        DESCRIPTION         
day. They are modeled with one set of bias parameters for   DESCRIPTION         
each satellite and each station in case of GPS and for each DESCRIPTION         
satellite-station link in case of GLONASS. The code bias    DESCRIPTION         
datum is defined by zero-mean conditions imposed on the     DESCRIPTION         
satellite bias estimates. In this file, just GPS C1W-C2W    DESCRIPTION         
satellite and station bias values are included. The         DESCRIPTION         
complete set of GNSS code bias results is provided in an    DESCRIPTION         
additional Bias-SINEX file as pseudo-absolute values        DESCRIPTION         
specific to each observable.                                DESCRIPTION         
Note: These GIM results correspond to the results for the   DESCRIPTION         
middle day of a 3-day combination analysis solving for 73   DESCRIPTION         
times 256, or 18688 VTEC parameters and 3 daily sets of     DESCRIPTION         
GNSS code bias parameters.                                  DESCRIPTION         
Contact address: code(at)aiub.unibe.ch                      DESCRIPTION         
Data archive:    ftp.aiub.unibe.ch/CODE/                    DESCRIPTION         
                 www.aiub.unibe.ch/download/CODE/           DESCRIPTION         
  2022     3    19     0     0     0                        EPOCH OF FIRST MAP  
  2022     3    20     0     0     0                        EPOCH OF LAST MAP   
  3600                                                      INTERVAL            
[...]
bjco bjfs bndy boav bogo bogt bor1 braz brft brst brux bshm COMMENT             
cags cas1 ccj2 cedu chpg chpi chti chur ckis coco cord cpvg COMMENT             
cro1 daej darw dav1 dgar dhlg drao dubo ebre faa1 fair flin COMMENT             
flrs frdn ftna func ganp glps glsv gode godz gope gras graz COMMENT             
guam guug harb hers hert hlfx hnlc hnpt hob2 holb hrao hyde COMMENT             
ieng iisc ineg invk iqal isba joz2 joze karr kerg kir0 kiru COMMENT             
kit3 kokb kokv koug kour krgg laut lmmf lpal lpgs m0se mac1 COMMENT             
madr mal2 mana mas1 mat1 mate maui maw1 mcil mcm4 mdo1 mdvj COMMENT             
medi mets mgue mizu mkea mobj mobs monp morp mqzg mro1 mtka COMMENT             
nano nico nist nklg nlib nnor not1 nrc1 ntus nya1 nyal ohi2 COMMENT             
onsa opmt ous2 pado parc park pdel penc pert pie1 pol2 polv COMMENT             
pots pove prds ptag ptbb qaq1 quin rabt ramo rbay reun reyk COMMENT             
rgdg rio2 riop salu samo sant savo sch2 scor scrz sctb scub COMMENT             
seyg smst sofi spt0 sthl stjo stk2 str2 suth sutm suwn sydn COMMENT             
syog tabl tabv thtg thti thu2 tid1 tidb tixg tlse tong tow2 COMMENT             
tro1 tsea tskb tuva twtf uclu ufpr ulab unbj unsa urum usn7 COMMENT             
usud vald vill voim wab2 wark wes2 wgtn whit will wind wsrt COMMENT             
wtzr wuhn xmis yakt yar2 yar3 yarr yell ykro yssk zamb zeck COMMENT             
zim2 zim3 zimm                                              COMMENT             
                                                            END OF HEADER       
[from data line 2145]
     6                                                      START OF TEC MAP    
  2022     3    19     5     0     0                        EPOCH OF CURRENT MAP
    87.5-180.0 180.0   5.0 450.0                            LAT/LON1/LON2/DLON/H
  124  125  126  127  128  129  131  132  134  135  137  138  140  141  142  143
  144  145  145  146  146  146  146  145  145  144  143  143  142  141  139  138
  137  136  135  134  133  132  131  130  129  128  128  127  127  126  126  125
  125  125  124  124  124  123  123  123  123  122  122  122  121  121  121  121
  121  121  121  121  121  122  122  123  124
    85.0-180.0 180.0   5.0 450.0                            LAT/LON1/LON2/DLON/H
  109  110  111  113  115  118  121  124  127  131  135  138  142  145  148  151
  153  155  156  157  157  156  155  154  152  150  147  145  142  139  137  134
  132  129  127  125  124  122  121  120  119  119  119  118  118  119  119  119
  119  120  120  120  120  120  120  120  119  119  118  117  116  115  114  113
  112  111  110  109  108  108  108  108  109
    82.5-180.0 180.0   5.0 450.0                            LAT/LON1/LON2/DLON/H
   93   93   94   95   97  100  104  108  113  119  125  131  136  142  147  152
  155  158  160  161  161  159  157  154  151  147  142  138  133  129  124  121
  117  114  112  110  109  108  107  107  107  108  109  110  111  113  114  116
  118  120  121  123  124  125  125  126  126  125  124  123  121  119  117  115
  112  109  106  103  100   98   96   94   93
    80.0-180.0 180.0   5.0 450.0                            LAT/LON1/LON2/DLON/H
   84   81   79   79   80   82   85   89   95  101  108  115  123  130  137  143
  148  152  155  156  156  154  150  146  141  135  129  122  116  111  106  102
   98   96   94   93   92   92   93   94   96   98  101  104  107  110  114  118
  122  125  129  132  134  137  138  139  140  140  139  138  136  134  131  127
  123  118  113  108  103   97   92   88   84
    77.5-180.0 180.0   5.0 450.0                            LAT/LON1/LON2/DLON/H
   86   79   74   70   68   68   69   71   76   81   87   94  102  110  118  125
  132  137  141  143  143  141  137  131  125  118  110  103   96   90   86   82
   79   78   77   77   78   80   82   85   88   92   96  101  106  112  117  123
  129  135  140  145  149  153  155  157  158  159  159  158  156  154  151  148
  143  138  132  125  117  109  101   93   86
    75.0-180.0 180.0   5.0 450.0                            LAT/LON1/LON2/DLON/H
   99   89   80   72   67   63   60   60   61   63   67   72   78   85   92  100
  108  115  120  124  125  123  120  114  107   99   91   84   78   73   69   66
   65   65   66   67   69   72   75   79   84   89   95  101  108  116  123  131
  139  146  153  159  164  169  172  174  176  177  177  177  176  175  173  170
  167  162  156  149  140  131  120  109   99
    72.5-180.0 180.0   5.0 450.0                            LAT/LON1/LON2/DLON/H
  120  107   95   85   76   68   62   57   54   52   51   52   54   59   65   73
   82   90   97  103  106  106  103   98   91   84   76   70   64   60   58   57
   57   58   59   61   64   67   71   76   81   88   95  103  112  121  130  139
  148  157  165  172  177  182  185  186  187  188  188  188  188  188  188  187
  186  184  180  174  166  157  145  133  120
    70.0-180.0 180.0   5.0 450.0                            LAT/LON1/LON2/DLON/H
  143  129  116  103   92   82   72   64   56   49   43   39   37   38   42   49
   57   67   77   84   89   91   90   85   79   73   66   61   57   55   54   54
   54   56   57   58   61   63   67   73   79   87   96  105  115  125  136  146
  156  165  174  180  185  189  190  191  190  189  188  188  188  189  191  193
  195  196  195  193  187  179  169  156  143
    67.5-180.0 180.0   5.0 450.0                            LAT/LON1/LON2/DLON/H
  161  148  134  121  110   98   87   76   65   54   44   34   28   25   26   31
   40   50   61   70   77   80   80   76   71   66   61   57   54   53   53   54
   55   55   55   56   57   59   63   68   76   86   96  107  118  129  141  151
  161  171  178  184  188  190  190  188  185  182  180  179  178  180  182  186
  191  195  198  199  197  192  184  173  161
    65.0-180.0 180.0   5.0 450.0                            LAT/LON1/LON2/DLON/H
  169  158  146  134  123  112  101   90   77   64   50   38   28   21   20   23
   31   41   52   62   69   73   73   70   65   61   57   54   53   53   54   55
   55   54   52   51   50   52   56   63   72   84   96  109  121  133  144  155
  164  173  180  185  188  188  185  181  177  172  168  165  163  164  166  170
  175  181  187  192  194  193  188  180  169
    62.5-180.0 180.0   5.0 450.0                            LAT/LON1/LON2/DLON/H
  168  158  148  138  129  119  109   98   86   73   59   46   34   26   22   24
   30   39   49   58   64   67   66   63   59   56   53   52   52   53   53   54
   53   50   47   44   42   43   48   57   68   82   97  111  125  136  147  157
  166  174  180  184  186  185  181  176  170  164  158  154  151  149  149  151
  155  161  169  176  181  183  181  176  168
    60.0-180.0 180.0   5.0 450.0                            LAT/LON1/LON2/DLON/H
  160  152  143  134  126  118  109  100   90   78   66   54   44   35   31   32
   36   43   51   57   61   61   59   56   52   50   48   48   49   50   50   50
   48   45   40   37   34   36   42   52   67   83  100  115  129  141  151  160
  168  175  181  185  186  184  181  175  169  163  158  152  148  143  140  138
  139  143  149  157  164  168  169  166  160
    57.5-180.0 180.0   5.0 450.0                            LAT/LON1/LON2/DLON/H
  152  144  136  128  120  112  104   95   86   77   69   60   52   46   42   42
   44   49   53   56   56   55   51   48   45   44   44   45   45   46   46   45
   43   39   35   31   30   32   39   51   68   87  105  121  135  146  155  164
  172  179  185  189  191  190  187  182  177  173  168  164  158  151  144  138
  134  134  138  144  152  157  159  157  152
    55.0-180.0 180.0   5.0 450.0                            LAT/LON1/LON2/DLON/H
  151  143  135  126  117  108   97   87   79   72   67   62   58   54   51   51
   52   54   55   55   52   48   44   42   41   41   42   43   44   43   42   41
   39   37   34   31   30   33   41   55   73   93  112  129  142  152  161  169
  178  186  193  198  201  201  199  196  193  191  189  185  180  172  161  150
  142  137  138  143  150  156  158  156  151
    52.5-180.0 180.0   5.0 450.0                            LAT/LON1/LON2/DLON/H
  160  152  143  134  123  111   97   83   73   66   62   61   59   58   56   56
   56   56   55   53   49   44   41   40   42   44   46   47   46   44   42   41
   40   39   37   36   36   39   48   62   81  101  120  137  149  160  169  178
  187  196  204  211  215  217  216  215  214  213  213  212  207  199  186  172
  160  152  151  154  161  166  169  166  160
    50.0-180.0 180.0   5.0 450.0                            LAT/LON1/LON2/DLON/H
  179  171  163  154  142  126  107   88   73   64   59   59   59   58   57   56
   56   56   55   52   48   45   44   46   50   54   57   57   54   50   47   45
   44   45   46   46   46   50   58   72   90  110  129  144  157  168  178  187
  198  208  217  225  231  234  234  234  233  233  234  234  231  223  211  196
  182  173  170  174  180  187  189  186  179
    47.5-180.0 180.0   5.0 450.0                            LAT/LON1/LON2/DLON/H
  203  196  189  181  169  152  129  105   84   69   62   60   59   58   56   55
   54   55   55   54   53   52   54   59   65   70   72   71   66   60   55   52
   53   55   57   58   58   61   68   81   99  118  136  152  165  177  188  199
  209  220  231  240  247  250  250  249  247  246  247  247  244  237  227  213
  201  193  190  195  202  209  212  209  203
    45.0-180.0 180.0   5.0 450.0                            LAT/LON1/LON2/DLON/H
  222  217  213  209  200  183  158  130  103   84   72   66   62   59   55   53
   53   55   58   60   62   66   71   77   84   89   91   87   80   72   65   61
   62   65   67   69   69   70   77   89  106  125  143  159  173  186  198  210
  221  231  241  251  259  263  262  259  255  251  249  247  244  239  230  220
  210  204  204  210  219  227  230  228  222
    42.5-180.0 180.0   5.0 450.0                            LAT/LON1/LON2/DLON/H
  231  227  227  227  223  210  186  157  127  104   87   77   70   63   58   55
   55   59   65   70   76   82   89   97  103  107  106  101   92   82   74   69
   69   72   74   75   74   76   82   95  113  132  150  166  181  195  208  220
  229  239  248  258  267  272  271  266  259  253  247  242  237  231  224  217
  210  207  208  215  225  234  238  236  231
    40.0-180.0 180.0   5.0 450.0                            LAT/LON1/LON2/DLON/H
  226  223  224  229  230  222  203  176  148  123  104   91   81   72   65   61
   62   67   75   83   91   99  106  113  117  118  115  109  100   89   80   74
   73   74   76   76   76   77   85   99  119  139  158  175  190  204  217  227
  235  242  251  261  272  278  279  274  266  258  249  240  232  223  217  211
  207  205  206  211  220  229  233  231  226
    37.5-180.0 180.0   5.0 450.0                            LAT/LON1/LON2/DLON/H
  210  205  207  213  218  215  203  181  157  134  117  104   93   84   76   71
   72   77   86   96  104  112  117  121  122  121  117  110  102   93   83   77
   73   72   73   73   73   76   86  103  125  147  167  183  198  213  224  232
  237  242  250  263  276  287  291  289  283  276  266  255  242  230  221  215
  211  207  205  206  212  218  220  217  210
    35.0-180.0 180.0   5.0 450.0                            LAT/LON1/LON2/DLON/H
  192  183  180  183  188  189  183  169  151  134  120  110  102   94   88   83
   84   89   97  105  113  118  121  121  120  116  112  107  101   93   85   77
   71   69   68   68   69   75   88  109  133  156  176  192  206  219  229  235
  237  241  250  266  284  300  310  315  315  313  306  295  279  262  248  239
  231  223  215  210  209  211  209  203  192
    32.5-180.0 180.0   5.0 450.0                            LAT/LON1/LON2/DLON/H
  185  169  158  153  152  152  149  142  132  122  113  107  104  101   97   94
   94   97  103  110  115  117  117  116  112  108  105  102   99   94   87   78
   70   65   63   64   67   76   92  116  142  165  184  199  212  224  232  236
  238  242  254  274  299  321  339  352  363  371  371  362  344  323  303  289
  276  261  244  230  222  217  212  201  185
    30.0-180.0 180.0   5.0 450.0                            LAT/LON1/LON2/DLON/H
  198  174  152  135  124  118  115  112  107  102   98   98  100  103  103  102
  101  102  105  109  111  112  110  108  105  102  101  101  101   99   92   81
   71   64   62   63   68   79   98  123  149  172  189  202  214  226  234  238
  241  248  265  291  321  351  376  399  422  443  454  451  433  407  382  361
  342  321  296  273  257  246  235  220  198
    27.5-180.0 180.0   5.0 450.0                            LAT/LON1/LON2/DLON/H
  237  206  173  142  117  101   93   90   88   85   83   86   93  101  105  105
  104  103  104  105  105  105  104  104  104  104  106  108  110  108  101   89
   76   67   63   65   71   83  102  127  153  174  190  202  214  226  235  242
  249  262  284  316  351  385  416  448  483  517  541  545  530  501  472  446
  423  396  366  337  314  298  283  264  237
    25.0-180.0 180.0   5.0 450.0                            LAT/LON1/LON2/DLON/H
  300  264  223  180  141  113   97   91   86   81   77   80   88   99  106  107
  105  102  101  101  101  102  104  109  114  118  121  124  125  122  113   99
   84   73   68   68   74   86  104  128  151  171  185  198  211  225  238  250
  263  283  312  348  385  420  454  491  535  580  614  626  614  586  555  528
  503  475  443  412  386  367  350  328  300
    22.5-180.0 180.0   5.0 450.0                            LAT/LON1/LON2/DLON/H
  376  340  296  245  195  157  133  120  110   98   88   85   92  103  110  111
  108  104  102  101  101  105  113  124  134  142  146  146  144  138  126  110
   93   80   73   72   77   86  102  122  143  162  177  191  207  226  244  262
  283  310  345  383  419  451  482  520  566  616  658  677  669  643  614  588
  567  543  514  485  461  442  424  403  376
    20.0-180.0 180.0   5.0 450.0                            LAT/LON1/LON2/DLON/H
  450  420  379  327  272  227  196  177  159  138  118  108  110  117  122  121
  117  113  109  108  110  118  131  149  164  173  175  170  162  151  136  118
   99   84   76   74   76   82   94  112  131  149  166  184  205  229  253  278
  307  340  378  415  446  472  497  529  572  621  663  686  683  662  637  618
  602  586  566  545  526  510  493  474  450
    17.5-180.0 180.0   5.0 450.0                            LAT/LON1/LON2/DLON/H
  510  488  455  410  357  309  276  251  227  197  167  148  142  144  145  142
  137  131  127  125  128  138  156  178  197  205  202  190  175  159  141  121
  102   86   76   72   72   75   84   98  117  137  157  180  206  234  264  295
  330  368  406  439  464  481  497  520  554  595  632  655  656  642  625  613
  607  601  592  581  570  558  544  528  510
    15.0-180.0 180.0   5.0 450.0                            LAT/LON1/LON2/DLON/H
  546  534  513  477  432  388  355  329  299  263  226  200  188  184  181  175
  168  160  154  150  151  162  183  208  226  231  221  202  179  159  139  120
  100   84   73   68   66   67   72   85  104  127  151  179  209  241  275  310
  349  389  425  453  469  478  486  498  519  547  576  596  601  595  587  584
  587  590  592  592  590  583  571  557  546
    12.5-180.0 180.0   5.0 450.0                            LAT/LON1/LON2/DLON/H
  557  554  545  521  484  447  418  392  362  323  284  255  239  231  224  216
  207  198  188  179  177  187  207  231  247  246  229  202  174  151  132  113
   95   80   69   64   61   60   64   76   96  122  151  182  215  249  284  321
  360  399  432  454  465  468  469  472  480  495  513  529  538  540  542  547
  556  566  576  585  590  587  577  564  557
    10.0-180.0 180.0   5.0 450.0                            LAT/LON1/LON2/DLON/H
  551  553  552  538  510  479  453  430  401  365  330  303  288  279  270  261
  251  239  224  209  201  207  225  246  256  249  225  193  162  139  121  105
   89   75   66   62   59   57   60   72   94  123  154  187  221  255  289  325
  363  399  428  445  453  454  453  451  450  453  462  475  488  499  509  519
  531  544  556  569  579  579  569  557  551
     7.5-180.0 180.0   5.0 450.0                            LAT/LON1/LON2/DLON/H
  541  544  546  535  511  484  460  438  413  383  356  337  328  320  312  303
  292  277  257  234  220  220  234  250  255  242  213  178  147  125  111   98
   85   73   66   63   61   60   62   75   97  127  160  193  225  257  288  321
  356  390  415  430  438  443  445  444  438  434  438  451  469  487  503  515
  526  535  545  558  568  570  560  547  541
     5.0-180.0 180.0   5.0 450.0                            LAT/LON1/LON2/DLON/H
  539  539  538  525  500  471  445  422  399  377  361  354  353  350  344  335
  324  307  281  252  231  227  236  247  246  228  196  161  133  115  103   93
   83   74   70   68   67   66   68   80  103  134  166  197  226  254  283  313
  345  375  398  414  426  437  448  451  447  442  446  462  486  510  529  540
  545  547  551  559  567  568  560  546  539
     2.5-180.0 180.0   5.0 450.0                            LAT/LON1/LON2/DLON/H
  552  548  540  521  489  454  422  395  373  358  353  357  364  366  362  355
  344  325  295  261  236  228  233  239  233  212  180  147  123  108   99   92
   84   77   75   75   74   72   75   86  109  138  169  197  224  249  274  302
  331  358  381  400  418  438  458  471  473  474  482  504  533  561  580  587
  585  578  572  573  578  579  573  561  552
