interface/IONEXdata/CODG3050.22I
     1.0            IONOSPHERE MAPS     GNSS                IONEX VERSION / TYPE
ADDNEQ2 V5.5        AIUB                05-NOV-22 23:16     PGM / RUN BY / DATE 
CODE'S GLOBAL IONOSPHERE MAPS FOR DAY 305, 2022             COMMENT             
Global ionosphere maps (GIM) are generated on a daily basis DESCRIPTION         
at CODE using data from about 300 GNSS sites of the IGS and DESCRIPTION         
other institutions. The vertical total electron content     DESCRIPTION         
(VTEC) is modeled in a solar-geomagnetic reference frame    DESCRIPTION         
using a spherical harmonics expansion up to degree and      DESCRIPTION         
order 15. Piece-wise linear functions are used for          DESCRIPTION         
representation in the time domain. The time spacing of      DESCRIPTION         
their vertices is 1 hour, conforming with the epochs of the DESCRIPTION         
VTEC maps.                                                  DESCRIPTION         
To convert line-of-sight TEC into vertical TEC, a modified  DESCRIPTION         
single-layer model mapping function approximating the JPL   DESCRIPTION         
extended slab model mapping function is adopted. The        DESCRIPTION         
mapping function is evaluated at geodetic satellite         DESCRIPTION         
elevation angles. For the computation of the ionospheric    DESCRIPTION         
pierce points, a spherical layer with a radius of 6821 km   DESCRIPTION         
is assumed, implying geocentric, not geodetic IONEX         DESCRIPTION         
latitudes.                                                  DESCRIPTION         
Instrumental biases with respect to each involved GNSS code DESCRIPTION         
observable are estimated as constant values for each        DESCRIPTION         
day. They are modeled with one set of bias parameters for   DESCRIPTION         
each satellite and each station in case of GPS and for each DESCRIPTION         
satellite-station link in case of GLONASS. The code bias    DESCRIPTION         
datum is defined by zero-mean conditions imposed on the     DESCRIPTION         
satellite bias estimates. In this file, just GPS C1W-C2W    DESCRIPTION         
satellite and station bias values are included. The         DESCRIPTION         
complete set of GNSS code bias results is provided in an    DESCRIPTION         
additional Bias-SINEX file as pseudo-absolute values        DESCRIPTION         
specific to each observable.                                DESCRIPTION         
Note: These GIM results correspond to the results for the   DESCRIPTION         
middle day of a 3-day combination analysis solving for 73   DESCRIPTION         
times 256, or 18688 VTEC parameters and 3 daily sets of     DESCRIPTION         
GNSS code bias parameters.                                  DESCRIPTION         
Contact address: code(at)aiub.unibe.ch                      DESCRIPTION         
Data archive:    ftp.aiub.unibe.ch/CODE/                    DESCRIPTION         
                 www.aiub.unibe.ch/download/CODE/           DESCRIPTION         
  2022    11     1     0     0     0                        EPOCH OF FIRST MAP  
  2022    11     2     0     0     0                        EPOCH OF LAST MAP   
  3600                                                      INTERVAL            
[...]
bake bako barh bndy boav bogo bogt bor1 braz brst brux bshm COMMENT             
cags cas1 ccj2 cedu chpg chpi chti chur ckis cnmr coco cord COMMENT             
cpvg cpxf crar cro1 daej darw dgar dhlg drao dubo ebre faa1 COMMENT             
fair flrs frdn ftna func ganp glps gode godz gol2 gold gope COMMENT             
gras graz guam guug harb hers hert hlfx hnlc hob2 hofn holb COMMENT             
hrao hyde iddr ieng iisc ineg invk iqal irkj isba joz2 joze COMMENT             
karr kerg kir0 kiru kit3 kokb kokv koug kour krgg laut lmmf COMMENT             
lpal lpgs m0se mac1 madr mal2 mana mas1 mat1 mate maw1 mcm4 COMMENT             
mdo1 mdvj medi mets mgue mizu mkea mnls mobs monp morp mqzg COMMENT             
mro1 mtka nano nico nist nklg nlib nnor not1 nrc1 ntus nya1 COMMENT             
nyal ohi2 onsa ous2 pado park pdel penc pert pie1 pimo pol2 COMMENT             
polv pots pove prds ptbb qaq1 quin rabt ramo reun reyk rgdg COMMENT             
rio2 riop roth salu samo sant savo sch2 scor scrz sctb scub COMMENT             
seyg smst sofi spt0 ssia sthl stjo stk2 suth sutm suwn syog COMMENT             
tabl tabv tash thtg thti thu2 tid1 tidb tlse tn22 tong tro1 COMMENT             
tsea tskb twtf txes uclu ufpr ulab unb3 unbj unsa urum usn7 COMMENT             
usud vald vill voim vtsp wab1 wab2 wark wgtn whit will wind COMMENT             
wsrt wtza wtzl wtzr wtzs wtzz wuhn xmis yar2 yarr yell zamb COMMENT             
zeck zim2 zim3 zimm                                         COMMENT             
                                                            END OF HEADER       
[from data line 7722]
    19                                                      START OF TEC MAP    
  2022    11     1    18     0     0                        EPOCH OF CURRENT MAP
    87.5-180.0 180.0   5.0 450.0                            LAT/LON1/LON2/DLON/H
  120  122  124  126  128  130  132  133  135  137  138  139  140  141  142  142
  142  142  142  142  141  140  139  138  136  135  133  131  130  128  126  124
  122  121  119  117  116  114  113  111  110  109  108  107  106  105  104  104
  103  103  102  102  102  102  102  102  102  102  103  103  104  105  106  107
  108  109  110  112  113  115  116  118  120
    85.0-180.0 180.0   5.0 450.0                            LAT/LON1/LON2/DLON/H
  105  108  112  116  120  125  129  133  137  141  145  148  151  153  155  156
  156  156  155  154  152  149  146  143  140  136  132  129  125  121  118  114
  111  108  105  102  100   97   95   93   91   90   88   87   85   84   83   83
   82   81   81   81   80   80   80   80   80   81   81   81   82   83   84   85
   86   87   89   91   93   96   99  102  105
    82.5-180.0 180.0   5.0 450.0                            LAT/LON1/LON2/DLON/H
   82   87   92   97  103  110  117  124  131  138  144  150  155  160  163  165
  165  165  163  161  157  153  148  142  136  131  125  119  114  108  104   99
   95   92   88   85   82   80   78   75   74   72   70   69   68   67   66   65
   65   64   64   64   64   64   64   63   63   63   63   63   63   63   64   64
   65   65   67   68   70   72   75   78   82
    80.0-180.0 180.0   5.0 450.0                            LAT/LON1/LON2/DLON/H
   59   63   68   74   81   89   98  108  118  128  138  147  156  162  168  171
  173  172  170  166  161  155  147  140  132  124  116  109  102   96   91   86
   82   78   75   72   69   67   65   63   61   59   58   57   56   55   54   54
   54   54   55   55   55   55   55   55   55   54   54   53   52   51   51   50
   50   50   50   50   50   52   53   56   59
    77.5-180.0 180.0   5.0 450.0                            LAT/LON1/LON2/DLON/H
   42   44   48   53   60   69   79   91  103  117  130  143  154  164  172  177
  180  181  179  174  168  160  151  141  132  122  113  105   97   90   85   80
   76   72   69   67   64   62   60   58   56   54   53   52   51   50   50   51
   51   52   54   55   55   56   56   56   55   55   53   52   51   49   48   46
   45   44   43   42   41   40   40   40   42
    75.0-180.0 180.0   5.0 450.0                            LAT/LON1/LON2/DLON/H
   36   36   37   40   46   54   64   77   91  107  123  139  154  167  178  186
  191  193  192  188  182  173  164  153  142  131  121  112  103   96   90   85
   80   76   73   70   67   65   62   60   58   56   54   52   51   51   51   52
   54   56   58   61   62   63   64   64   63   62   60   59   57   55   53   52
   50   48   47   45   43   41   39   37   36
    72.5-180.0 180.0   5.0 450.0                            LAT/LON1/LON2/DLON/H
   41   39   37   38   41   47   57   70   85  102  120  139  156  172  186  197
  204  209  210  208  204  196  187  176  164  153  141  131  122  113  106   99
   93   88   84   79   75   72   69   66   63   60   58   56   54   54   55   56
   59   62   65   68   71   73   74   74   73   72   70   68   66   65   64   62
   61   60   58   56   54   51   48   44   41
    70.0-180.0 180.0   5.0 450.0                            LAT/LON1/LON2/DLON/H
   54   50   46   45   46   50   58   70   86  103  122  142  161  178  194  208
  219  227  232  234  232  227  219  208  196  184  172  160  149  139  129  120
  112  104   97   90   84   79   75   71   67   64   61   58   56   55   56   58
   61   65   69   73   77   80   81   81   80   78   77   75   74   73   73   73
   72   72   71   70   68   66   63   59   54
    67.5-180.0 180.0   5.0 450.0                            LAT/LON1/LON2/DLON/H
   69   64   60   57   57   60   67   78   92  109  128  147  166  184  202  218
  232  245  255  261  262  260  254  244  233  220  206  193  180  168  155  143
  131  120  109   99   91   84   78   73   68   64   61   57   54   53   53   54
   57   62   67   72   76   79   81   81   80   79   77   77   76   77   77   78
   79   79   79   79   79   78   76   73   69
    65.0-180.0 180.0   5.0 450.0                            LAT/LON1/LON2/DLON/H
   78   75   72   69   69   71   78   89  103  119  136  154  171  188  206  224
  242  258  273  283  289  290  286  277  265  252  237  223  209  194  179  164
  149  133  118  105   94   84   77   71   66   62   57   53   49   46   45   45
   48   52   58   63   68   71   72   73   72   71   71   71   72   73   74   76
   77   78   78   79   79   80   80   79   78
    62.5-180.0 180.0   5.0 450.0                            LAT/LON1/LON2/DLON/H
   77   78   77   77   78   82   90  101  115  130  145  160  175  190  206  225
  245  265  284  298  308  311  308  300  288  274  260  245  230  215  199  181
  163  144  125  109   95   83   74   68   62   57   53   48   43   39   36   35
   36   40   44   49   54   57   59   59   59   58   59   60   62   64   66   67
   68   68   68   68   69   71   74   76   77
    60.0-180.0 180.0   5.0 450.0                            LAT/LON1/LON2/DLON/H
   68   72   75   78   83   89   99  112  126  141  154  166  176  189  203  222
  243  266  287  304  315  320  317  309  298  285  271  258  244  230  214  196
  175  154  133  113   97   84   73   66   60   55   50   45   39   33   29   26
   26   28   32   36   40   43   44   45   45   45   46   48   51   54   56   56
   56   54   52   51   52   54   58   63   68
    57.5-180.0 180.0   5.0 450.0                            LAT/LON1/LON2/DLON/H
   54   61   69   75   83   93  106  121  137  151  162  170  178  187  200  217
  239  262  284  302  313  318  315  308  297  285  273  263  253  242  227  209
  188  165  143  122  104   89   77   68   62   57   52   47   41   34   28   24
   22   23   25   29   32   34   35   35   36   37   39   41   44   47   48   48
   45   42   38   35   34   35   39   46   54
    55.0-180.0 180.0   5.0 450.0                            LAT/LON1/LON2/DLON/H
   41   51   62   72   83   96  112  129  146  161  170  176  180  187  198  215
  236  258  279  295  305  308  306  299  290  280  272  266  260  252  241  224
  203  180  157  135  116  100   87   77   70   64   60   55   49   43   36   31
   27   27   28   30   32   34   35   35   36   38   40   42   45   46   47   45
   42   36   30   25   22   22   25   32   41
    52.5-180.0 180.0   5.0 450.0                            LAT/LON1/LON2/DLON/H
   35   47   60   73   86  102  120  139  157  171  180  183  186  190  201  217
  237  257  275  288  295  298  296  291  284  278  273  271  269  265  256  240
  219  196  173  152  133  116  102   90   81   76   72   68   63   57   51   45
   41   40   41   42   43   44   45   46   47   49   50   52   53   54   53   51
   47   41   34   27   22   20   21   26   35
    50.0-180.0 180.0   5.0 450.0                            LAT/LON1/LON2/DLON/H
   41   52   66   81   96  113  132  152  171  185  192  194  195  200  210  226
  244  262  275  285  290  293  292  290  286  282  281  281  282  280  271  255
  233  209  187  167  149  133  118  104   94   88   84   82   79   74   68   63
   60   59   59   60   61   61   62   64   66   67   68   68   68   68   66   64
   60   55   49   42   36   31   30   33   41
    47.5-180.0 180.0   5.0 450.0                            LAT/LON1/LON2/DLON/H
   56   67   82   97  113  130  149  169  187  201  208  209  210  215  226  242
  258  273  282  289  293  297  299  299  298  296  295  296  297  294  284  266
  242  216  194  176  160  145  130  116  104   97   94   92   90   87   83   80
   78   78   79   80   81   81   82   84   87   88   88   87   85   83   82   80
   77   74   70   65   59   53   49   49   56
    45.0-180.0 180.0   5.0 450.0                            LAT/LON1/LON2/DLON/H
   75   86  102  119  135  152  169  189  207  221  227  228  229  235  247  263
  278  289  296  300  305  310  315  318  318  315  313  312  311  306  292  270
  242  214  192  176  164  151  136  121  109  101   97   96   95   93   91   89
   89   91   94   96   97   98   99  102  105  106  106  103  100   97   95   95
   94   93   92   89   84   78   73   71   75
    42.5-180.0 180.0   5.0 450.0                            LAT/LON1/LON2/DLON/H
   93  105  122  141  158  174  191  210  229  242  248  250  252  258  271  287
  300  309  314  318  323  331  338  342  341  336  330  325  320  311  294  267
  235  206  185  171  161  151  137  122  109  100   95   93   91   90   90   90
   93   97  101  104  106  107  108  111  115  117  116  113  109  106  105  104
  105  106  107  107  105   99   93   89   93
    40.0-180.0 180.0   5.0 450.0                            LAT/LON1/LON2/DLON/H
  103  117  137  158  177  193  210  230  249  264  271  273  276  283  296  311
  322  329  334  338  346  355  363  366  362  353  342  332  324  313  293  263
  229  199  178  166  158  149  136  122  108   99   92   87   84   83   84   86
   91   97  103  107  109  109  110  113  116  119  118  115  111  109  108  109
  110  111  113  115  114  109  103   99  103
    37.5-180.0 180.0   5.0 450.0                            LAT/LON1/LON2/DLON/H
  103  119  143  167  188  205  224  245  266  284  293  297  300  307  319  332
  342  348  353  360  369  378  383  382  374  361  346  334  325  315  296  267
  233  203  183  172  164  154  141  126  113  103   93   86   81   79   80   84
   90   96  103  107  108  107  106  108  111  114  114  112  109  108  108  108
  108  108  109  111  110  107  101   98  103
    35.0-180.0 180.0   5.0 450.0                            LAT/LON1/LON2/DLON/H
   94  113  140  167  190  209  229  253  278  299  312  318  323  330  340  351
  359  365  372  380  389  395  395  390  378  362  347  336  331  325  312  289
  258  231  211  199  187  173  157  142  130  118  107   96   89   86   88   92
   97  103  108  111  110  107  104  103  105  107  107  106  105  106  107  107
  105  102   99   98   97   94   89   87   94
    32.5-180.0 180.0   5.0 450.0                            LAT/LON1/LON2/DLON/H
   82  103  132  161  186  207  228  254  284  310  328  337  343  350  358  366
  373  379  388  398  405  406  400  389  376  362  352  348  350  354  350  335
  312  288  269  252  233  211  189  173  161  150  137  124  115  112  114  117
  120  122  123  124  120  114  107  103  103  104  105  104  104  106  109  108
  104   96   89   84   81   77   73   73   82
    30.0-180.0 180.0   5.0 450.0                            LAT/LON1/LON2/DLON/H
   72   94  124  155  180  200  223  252  285  316  338  351  359  367  374  380
  385  393  404  414  418  412  400  387  377  371  370  377  391  406  414  410
  396  376  356  332  301  267  237  218  207  198  184  170  160  158  160  161
  159  155  151  147  141  131  120  113  110  110  109  109  110  113  116  115
  108   96   84   74   68   64   60   61   72
    27.5-180.0 180.0   5.0 450.0                            LAT/LON1/LON2/DLON/H
   71   94  123  152  176  195  218  248  284  319  345  362  373  381  388  393
  398  407  419  428  428  418  402  392  391  398  411  430  455  482  501  507
  501  486  463  430  384  335  294  271  262  255  243  228  219  219  221  219
  210  198  188  179  170  158  144  134  129  126  124  122  123  126  129  128
  119  104   87   73   64   59   56   59   71
    25.0-180.0 180.0   5.0 450.0                            LAT/LON1/LON2/DLON/H
   81  104  132  158  179  197  217  247  284  321  350  371  385  395  402  407
  413  422  434  443  440  426  413  411  424  449  477  507  541  574  600  613
  613  601  575  531  470  404  353  326  319  314  304  290  283  285  287  280
  262  242  225  213  202  189  175  164  156  151  147  144  142  144  147  145
  135  118   98   81   70   64   63   68   81
    22.5-180.0 180.0   5.0 450.0                            LAT/LON1/LON2/DLON/H
  101  123  150  173  191  206  225  253  288  325  357  380  397  409  418  424
  430  439  450  457  453  442  437  449  481  523  564  601  636  669  696  712
  714  703  674  621  545  464  403  373  367  366  356  344  338  341  342  329
  304  275  253  240  230  219  207  196  189  182  175  169  165  164  165  162
  152  135  115   96   83   78   79   86  101
    20.0-180.0 180.0   5.0 450.0                            LAT/LON1/LON2/DLON/H
  126  149  174  196  212  225  242  268  301  336  367  392  412  427  439  445
  451  458  467  472  471  467  475  506  557  614  661  697  726  752  773  785
  787  776  745  685  599  507  438  406  401  401  392  380  374  377  375  356
  323  289  265  252  246  240  233  226  220  213  204  194  186  182  180  177
  167  151  131  113  100   95   98  108  126
    17.5-180.0 180.0   5.0 450.0                            LAT/LON1/LON2/DLON/H
  150  175  200  222  238  252  269  292  323  356  386  412  434  452  465  472
  475  479  484  489  491  500  526  577  643  707  753  779  795  808  819  824
  822  810  779  717  627  529  457  424  419  417  406  392  385  385  378  354
  317  280  257  249  249  249  249  248  246  239  228  215  204  196  191  186
  177  162  144  126  113  109  115  129  150
    15.0-180.0 180.0   5.0 450.0                            LAT/LON1/LON2/DLON/H
  167  196  224  247  266  283  302  326  355  386  416  442  465  484  498  504
  505  503  503  506  516  539  584  651  726  788  822  833  833  831  829  825
  819  807  779  720  632  536  463  430  422  417  402  383  371  366  355  328
  289  255  237  235  240  248  255  261  262  256  244  229  215  204  195  188
  179  167  150  134  121  118  125  142  167
    12.5-180.0 180.0   5.0 450.0                            LAT/LON1/LON2/DLON/H
  176  209  241  268  292  314  338  365  395  425  455  481  505  525  538  543
  539  531  525  527  543  581  642  719  793  843  859  851  835  821  809  798
  788  777  754  704  624  535  466  431  420  408  386  360  343  332  316  288
  253  226  215  219  229  241  254  265  270  265  252  235  219  206  195  186
  177  165  151  136  123  119  127  147  176
    10.0-180.0 180.0   5.0 450.0                            LAT/LON1/LON2/DLON/H
  178  215  251  284  313  342  373  405  438  470  501  528  552  572  584  586
  577  562  549  550  573  621  692  771  834  865  860  835  808  788  772  758
  746  737  721  681  614  535  472  437  420  400  370  338  315  298  279  252
  225  208  206  214  225  237  252  265  271  267  253  235  218  204  192  181
  172  162  150  135  123  117  124  145  178
     7.5-180.0 180.0   5.0 450.0                            LAT/LON1/LON2/DLON/H
  176  217  257  294  329  365  403  442  480  516  549  579  603  621  632  631
  618  597  579  577  603  658  731  802  847  854  830  794  765  748  735  722
  711  704  694  666  612  546  489  453  429  401  365  328  300  280  260  239
  222  218  223  230  236  243  254  265  270  263  248  230  214  200  187  177
  168  160  150  137  124  116  121  142  176
     5.0-180.0 180.0   5.0 450.0                            LAT/LON1/LON2/DLON/H
  176  219  262  302  340  382  426  471  515  556  593  625  651  668  676  674
  658  634  612  608  635  690  757  811  834  819  782  745  724  718  714  706
  696  690  684  664  623  568  518  480  451  417  377  339  311  289  271  258
  254  260  269  271  266  261  263  268  268  258  241  224  208  195  184  174
  167  162  154  143  130  121  123  142  176
     2.5-180.0 180.0   5.0 450.0                            LAT/LON1/LON2/DLON/H
  181  224  267  307  347  391  439  489  538  584  626  661  688  705  713  710
  695  670  647  641  665  714  768  804  805  774  732  704  699  710  718  715
  706  698  692  676  643  598  553  516  482  446  408  374  348  329  316  311
  319  333  341  332  310  289  278  274  267  252  234  216  202  191  181  173
  169  167  164  156  144  133  133  149  181
