interface/IONEXdata/CODG2570.22I
     1.0            IONOSPHERE MAPS     GNSS                IONEX VERSION / TYPE
ADDNEQ2 V5.5        AIUB                18-SEP-22 23:01     PGM / RUN BY / DATE 
CODE'S GLOBAL IONOSPHERE MAPS FOR DAY 257, 2022             COMMENT             
Global ionosphere maps (GIM) are generated on a daily basis DESCRIPTION         
at CODE using data from about 300 GNSS sites of the IGS and DESCRIPTION         
other institutions. The vertical total electron content     DESCRIPTION         
(VTEC) is modeled in a solar-geomagnetic reference frame    DESCRIPTION         
using a spherical harmonics expansion up to degree and      DESCRIPTION         
order 15. Piece-wise linear functions are used for          DESCRIPTION         
representation in the time domain. The time spacing of      DESCRIPTION         
their vertices is 1 hour, conforming with the epochs of the DESCRIPTION         
VTEC maps.                                                  DESCRIPTION         
To convert line-of-sight TEC into vertical TEC, a modified  DESCRIPTION         
single-layer model mapping function approximating the JPL   DESCRIPTION         
extended slab model mapping function is adopted. The        DESCRIPTION         
mapping function is evaluated at geodetic satellite         DESCRIPTION         
elevation angles. For the computation of the ionospheric    DESCRIPTION         
pierce points, a spherical layer with a radius of 6821 km   DESCRIPTION         
is assumed, implying geocentric, not geodetic IONEX         DESCRIPTION         
latitudes.                                                  DESCRIPTION         
Instrumental biases with respect to each involved GNSS code DESCRIPTION         
observable are estimated as constant values for each        DESCRIPTION         
day. They are modeled with one set of bias parameters for   DESCRIPTION         
each satellite and each station in case of GPS and for each DESCRIPTION         
satellite-station link in case of GLONASS. The code bias    DESCRIPTION         
datum is defined by zero-mean conditions imposed on the     DESCRIPTION         
satellite bias estimates. In this file, just GPS C1W-C2W    DESCRIPTION         
satellite and station bias values are included. The         DESCRIPTION         
complete set of GNSS code bias results is provided in an    DESCRIPTION         
additional Bias-SINEX file as pseudo-absolute values        DESCRIPTION         
specific to each observable.                                DESCRIPTION         
Note: These GIM results correspond to the results for the   DESCRIPTION         
middle day of a 3-day combination analysis solving for 73   DESCRIPTION         
times 256, or 18688 VTEC parameters and 3 daily sets of     DESCRIPTION         
GNSS code bias parameters.                                  DESCRIPTION         
Contact address: code(at)aiub.unibe.ch                      DESCRIPTION         
Data archive:    ftp.aiub.unibe.ch/CODE/                    DESCRIPTION         
                 www.aiub.unibe.ch/download/CODE/           DESCRIPTION         
  2022     9    14     0     0     0                        EPOCH OF FIRST MAP  
  2022     9    15     0     0     0                        EPOCH OF LAST MAP   
  3600                                                      INTERVAL            
[...]
badg bake bako barh bndy boav bogo bogt bor1 braz brft brst COMMENT             
brux bshm cas1 ccj2 cedu chpg chpi chti chur ckis cnmr coco COMMENT             
cord cpxf crar cro1 daej darw dav1 dgar dhlg drao dubo ebre COMMENT             
faa1 fair flrs frdn func ganp glps glsv gode godz gol2 gold COMMENT             
gope gras graz guam guug harb hers hert hlfx hnlc hob2 hofn COMMENT             
holb hrao hyde ieng iisc ineg iqal irkj isba joz2 joze karr COMMENT             
kerg kir0 kiri kiru kit3 kokb kokv koug kour krgg laut lmmf COMMENT             
lpal lpgs m0se mac1 madr mal2 mana mas1 mat1 mate maw1 mcil COMMENT             
mcm4 mdo1 mdvj medi mets mgue mizu mkea mobs monp morp mqzg COMMENT             
mro1 mtka nano nico nist nklg nlib nnor not1 nrc1 nya1 nyal COMMENT             
ohi2 onsa opmt ous2 pado parc pdel pert pie1 pohn pol2 polv COMMENT             
pots pove prds ptag ptbb qaq1 quin ramo rbay reun reyk rgdg COMMENT             
rio2 riop roth samo sant savo sch2 scor scrz sctb scub seyg COMMENT             
smst sofi spt0 ssia sthl stjo stk2 str2 suth sutm sydn syog COMMENT             
tabl tabv tash thtg thti thu2 tid1 tidb tlse tong tow2 tro1 COMMENT             
tsea tskb tuva twtf uclu ufpr ulab unb3 unbj unsa urum usn7 COMMENT             
usud vald vill voim wab1 wab2 wark wgtn whit will wind wsrt COMMENT             
wtzl wtzr wtzs wtzz wuhn xmis yar2 yar3 yarr yell ykro zamb COMMENT             
zeck zim2 zim3 zimm                                         COMMENT             
                                                            END OF HEADER       
[from data line 4290]
    11                                                      START OF TEC MAP    
  2022     9    14    10     0     0                        EPOCH OF CURRENT MAP
    87.5-180.0 180.0   5.0 450.0                            LAT/LON1/LON2/DLON/H
  133  134  136  138  140  142  145  147  150  152  155  158  161  163  166  169
  171  174  176  179  181  183  184  186  187  188  189  190  190  191  191  191
  190  190  189  188  187  185  184  182  180  178  176  174  171  169  166  164
  161  158  156  153  151  148  146  143  141  139  137  135  134  133  131  130
  130  129  129  129  129  130  131  132  133
    85.0-180.0 180.0   5.0 450.0                            LAT/LON1/LON2/DLON/H
  110  113  115  118  122  126  130  134  139  144  149  154  159  164  169  174
  179  183  187  191  195  198  201  204  206  208  210  211  212  212  212  212
  212  211  210  208  207  205  202  200  197  194  190  187  183  179  175  171
  166  162  157  153  148  144  140  135  131  128  124  121  118  115  112  110
  109  107  106  106  106  106  107  109  110
    82.5-180.0 180.0   5.0 450.0                            LAT/LON1/LON2/DLON/H
   97   99  101  105  108  113  118  123  128  134  140  147  153  159  166  172
  178  184  189  194  198  203  206  209  212  214  216  217  218  219  220  220
  220  220  219  218  217  216  214  212  209  206  203  200  196  192  188  183
  178  173  168  163  157  152  147  142  136  132  127  122  118  114  111  107
  104  102   99   97   96   95   95   96   97
    80.0-180.0 180.0   5.0 450.0                            LAT/LON1/LON2/DLON/H
   94   95   96   98  100  104  108  113  118  124  130  136  143  149  156  163
  169  175  181  186  191  195  199  201  204  206  207  209  210  211  213  214
  215  216  217  218  218  218  218  218  217  216  214  212  210  207  204  201
  197  193  188  183  178  173  168  163  158  153  148  143  138  134  129  124
  120  115  111  106  103   99   97   95   94
    77.5-180.0 180.0   5.0 450.0                            LAT/LON1/LON2/DLON/H
  100   98   97   96   97   99  102  105  109  114  118  123  129  135  141  148
  154  160  166  171  176  179  182  184  186  187  188  189  191  193  195  197
  200  203  206  209  212  214  217  219  220  222  223  223  224  224  223  222
  220  218  215  211  207  203  198  194  190  186  182  178  173  169  163  158
  151  144  137  130  122  116  109  104  100
    75.0-180.0 180.0   5.0 450.0                            LAT/LON1/LON2/DLON/H
  110  104  100   98   97   97   98  100  102  104  107  110  114  119  124  130
  136  142  148  153  157  160  162  163  164  164  164  165  166  169  172  176
  181  186  192  197  203  208  212  217  221  225  229  233  236  239  241  243
  243  243  241  239  237  234  231  228  225  223  220  218  215  211  205  199
  191  182  171  160  149  137  127  118  110
    72.5-180.0 180.0   5.0 450.0                            LAT/LON1/LON2/DLON/H
  118  109  103   98   96   95   95   95   95   96   97   98  100  104  108  113
  119  125  130  135  139  142  143  143  143  142  142  142  144  147  151  157
  164  171  179  187  194  201  208  214  221  227  233  239  245  251  256  259
  262  263  263  261  259  257  255  254  253  252  252  252  251  248  244  237
  227  216  203  188  172  157  142  129  118
    70.0-180.0 180.0   5.0 450.0                            LAT/LON1/LON2/DLON/H
  120  109  101   95   92   90   90   89   89   89   88   88   89   91   94   99
  104  110  116  121  124  127  128  128  127  126  125  126  128  132  137  144
  153  162  172  181  190  198  206  213  221  228  236  244  251  258  264  269
  272  273  273  272  270  268  266  265  266  267  269  271  272  271  267  260
  251  238  222  205  186  168  150  134  120
    67.5-180.0 180.0   5.0 450.0                            LAT/LON1/LON2/DLON/H
  114  102   92   86   83   82   82   82   82   82   81   80   80   81   83   87
   92   98  104  109  112  115  116  117  117  116  117  118  121  125  132  140
  149  160  170  180  189  198  206  213  221  229  237  246  254  261  266  270
  273  273  272  269  266  263  261  260  261  264  267  271  273  273  271  264
  254  240  224  206  186  167  147  130  114
    65.0-180.0 180.0   5.0 450.0                            LAT/LON1/LON2/DLON/H
  104   90   80   73   70   69   70   72   73   74   74   73   72   73   75   78
   83   88   93   97  101  104  106  108  110  112  114  117  121  127  134  143
  152  163  173  183  192  200  208  215  222  230  238  246  253  259  264  266
  266  264  261  256  251  247  243  242  243  246  250  254  257  257  254  248
  238  225  209  192  174  156  137  120  104
    62.5-180.0 180.0   5.0 450.0                            LAT/LON1/LON2/DLON/H
   93   79   68   60   56   55   57   60   63   65   65   65   65   66   67   70
   74   77   81   85   88   92   96  100  106  111  116  121  127  133  141  150
  159  169  179  188  196  204  210  217  224  231  239  246  252  256  258  258
  256  251  246  239  232  226  222  219  219  221  224  228  229  228  224  217
  208  196  183  169  155  140  125  109   93
    60.0-180.0 180.0   5.0 450.0                            LAT/LON1/LON2/DLON/H
   89   74   61   50   44   42   43   47   51   54   57   58   58   59   60   62
   64   66   68   70   73   77   83   91  100  110  119  126  134  141  149  158
  167  176  185  194  201  207  213  219  225  233  240  247  252  254  254  252
  247  241  233  225  218  211  205  201  200  200  201  202  201  198  192  183
  174  164  154  146  137  128  117  104   89
    57.5-180.0 180.0   5.0 450.0                            LAT/LON1/LON2/DLON/H
   95   79   63   49   39   34   34   36   40   44   48   50   51   52   53   54
   55   55   55   55   56   61   69   81   95  108  120  131  139  147  155  164
  173  182  190  198  204  209  214  220  226  234  241  248  253  255  254  250
  244  237  229  221  214  206  200  196  193  191  190  187  183  176  166  156
  146  138  132  129  127  124  118  108   95
    55.0-180.0 180.0   5.0 450.0                            LAT/LON1/LON2/DLON/H
  111   95   76   58   44   35   31   31   34   37   40   43   44   45   46   47
   46   45   43   42   43   48   58   72   89  106  121  133  142  151  159  168
  177  186  195  202  207  212  216  221  227  235  244  251  257  259  258  254
  249  242  236  229  222  216  210  204  200  197  193  187  179  169  156  144
  133  126  123  124  127  130  129  123  111
    52.5-180.0 180.0   5.0 450.0                            LAT/LON1/LON2/DLON/H
  134  117   96   75   58   45   37   34   34   35   37   39   40   40   41   42
   41   40   37   35   35   40   52   68   87  106  121  133  143  151  160  170
  180  190  199  206  212  216  220  224  230  237  247  256  263  267  268  265
  261  256  251  246  241  235  230  225  220  215  210  202  192  178  164  150
  138  131  129  132  138  144  147  144  134
    50.0-180.0 180.0   5.0 450.0                            LAT/LON1/LON2/DLON/H
  155  140  119   98   78   63   52   45   41   39   39   39   39   39   40   41
   41   41   39   37   37   42   53   71   90  108  123  134  142  150  160  171
  183  195  205  213  220  224  227  230  235  242  251  262  271  277  280  280
  278  275  272  268  264  259  254  249  245  240  234  225  214  200  185  170
  157  149  145  147  153  160  164  164  155
    47.5-180.0 180.0   5.0 450.0                            LAT/LON1/LON2/DLON/H
  168  155  138  119  101   85   72   62   55   50   47   45   44   43   43   44
   46   48   48   47   47   52   64   80   98  115  127  135  142  150  160  173
  187  201  213  223  231  236  239  240  243  249  258  269  281  290  295  297
  296  294  291  288  284  279  275  270  267  263  257  250  239  226  213  198
  185  174  166  163  165  169  174  174  168
    45.0-180.0 180.0   5.0 450.0                            LAT/LON1/LON2/DLON/H
  167  159  147  133  120  107   94   83   73   65   60   57   54   53   52   53
   57   60   63   63   64   69   79   94  110  123  132  138  143  151  162  176
  192  208  223  235  245  252  255  255  256  260  268  280  293  304  311  314
  314  311  307  303  297  292  287  284  281  278  274  268  260  250  239  227
  213  199  185  174  169  168  170  170  167
    42.5-180.0 180.0   5.0 450.0                            LAT/LON1/LON2/DLON/H
  152  149  143  137  130  122  112  102   91   82   76   72   70   67   65   66
   70   76   80   82   83   87   96  109  122  132  138  141  146  153  166  181
  198  215  232  248  261  270  274  275  274  277  284  296  310  322  330  332
  331  326  320  313  305  299  294  290  287  285  282  278  272  267  260  251
  237  219  198  178  164  156  153  153  152
    40.0-180.0 180.0   5.0 450.0                            LAT/LON1/LON2/DLON/H
  128  128  129  129  129  128  123  115  105   96   91   89   88   85   83   82
   85   91   96   98   98  101  108  119  131  139  143  145  150  158  171  186
  203  221  240  258  275  288  295  297  297  299  306  318  332  344  352  353
  350  342  333  323  314  307  301  297  293  290  286  282  279  277  274  268
  254  233  205  176  153  137  130  128  128
    37.5-180.0 180.0   5.0 450.0                            LAT/LON1/LON2/DLON/H
  105  106  109  114  120  125  125  120  113  106  104  106  107  105  102   99
   99  103  107  108  107  107  113  122  133  141  145  148  154  163  176  191
  207  225  244  266  286  304  316  321  323  326  334  346  361  374  381  381
  375  366  355  344  334  326  320  314  307  301  295  290  286  286  286  282
  268  244  211  175  144  123  110  106  105
    35.0-180.0 180.0   5.0 450.0                            LAT/LON1/LON2/DLON/H
   93   92   94  100  108  116  120  119  114  111  113  119  124  125  121  115
  112  112  113  111  107  105  109  118  129  137  143  149  158  169  182  195
  209  225  246  270  295  317  335  345  352  358  367  381  397  410  417  417
  411  402  391  381  373  366  359  351  340  328  317  308  302  301  302  298
  285  259  223  183  148  122  106   97   93
    32.5-180.0 180.0   5.0 450.0                            LAT/LON1/LON2/DLON/H
  102   95   91   93  100  108  114  114  112  111  116  127  138  142  137  129
  121  117  113  108  101   97   99  109  120  131  139  149  161  174  187  198
  210  225  246  272  301  328  352  368  380  391  404  420  438  452  460  461
  458  452  445  439  435  431  424  412  395  377  358  344  334  329  328  323
  310  283  246  207  171  144  125  111  102
    30.0-180.0 180.0   5.0 450.0                            LAT/LON1/LON2/DLON/H
  133  118  107  101  102  107  112  112  110  110  117  132  146  153  150  139
  128  119  111  102   92   86   88   98  111  123  135  148  164  180  192  202
  212  227  248  276  307  339  367  390  408  424  441  460  480  496  506  512
  514  514  514  515  517  517  510  494  471  444  419  398  383  373  368  360
  345  318  284  247  215  189  168  150  133
    27.5-180.0 180.0   5.0 450.0                            LAT/LON1/LON2/DLON/H
  185  161  141  126  120  120  121  119  114  111  118  133  150  159  157  146
  132  120  109   96   84   77   79   90  104  118  132  149  168  186  199  208
  218  233  256  285  318  352  384  412  435  455  475  497  519  537  551  563
  572  581  589  599  608  612  606  585  556  522  492  466  445  430  419  408
  390  363  332  301  274  251  230  208  185
    25.0-180.0 180.0   5.0 450.0                            LAT/LON1/LON2/DLON/H
  246  217  189  167  153  147  143  137  127  119  121  132  148  158  158  148
  134  121  108   94   81   74   77   88  103  118  133  152  173  194  208  218
  228  246  271  301  334  368  402  433  460  483  505  528  551  571  589  607
  624  641  658  676  692  699  693  669  635  598  565  537  513  493  476  458
  437  410  382  357  337  319  299  274  246
    22.5-180.0 180.0   5.0 450.0                            LAT/LON1/LON2/DLON/H
  305  274  244  217  199  187  179  167  150  135  128  133  144  153  153  146
  134  122  109   95   83   77   81   94  109  123  138  158  181  204  220  232
  245  266  294  325  357  391  425  456  484  507  529  551  573  594  615  637
  661  684  708  731  751  761  754  730  694  658  627  600  575  550  527  504
  478  450  424  405  392  378  359  334  305
    20.0-180.0 180.0   5.0 450.0                            LAT/LON1/LON2/DLON/H
  350  322  295  269  249  235  222  204  181  157  141  136  140  145  145  140
  132  123  112  100   89   84   90  104  120  134  149  168  192  217  235  250
  267  292  323  356  387  418  450  481  507  528  548  567  586  606  627  651
  678  704  729  754  775  787  780  757  724  694  669  647  622  594  564  534
  503  473  448  433  425  415  399  376  350
    17.5-180.0 180.0   5.0 450.0                            LAT/LON1/LON2/DLON/H
  374  354  334  314  296  281  265  244  215  183  157  142  137  137  136  134
  129  123  115  105   96   93  100  116  133  148  162  181  206  231  253  271
  293  322  356  389  418  447  477  505  529  547  562  577  592  608  627  650
  675  699  721  743  763  774  769  749  724  703  688  671  648  617  582  545
  508  474  449  436  431  425  412  394  374
    15.0-180.0 180.0   5.0 450.0                            LAT/LON1/LON2/DLON/H
  377  368  358  345  331  318  301  276  244  207  175  151  137  131  128  128
  126  124  118  109  101   99  108  126  146  163  178  197  221  248  271  293
  318  351  387  420  448  474  502  529  550  564  574  583  593  605  620  639
  658  675  690  706  721  732  730  717  702  693  687  677  653  619  579  537
  494  455  427  415  412  409  400  388  377
    12.5-180.0 180.0   5.0 450.0                            LAT/LON1/LON2/DLON/H
  365  367  367  362  352  340  322  296  262  224  190  162  142  130  125  124
  125  124  119  111  103  101  111  132  156  176  194  213  238  265  290  313
  341  376  413  446  472  496  522  548  567  579  585  590  595  603  612  625
  636  644  649  657  668  678  680  676  672  674  677  669  644  606  560  513
  465  422  391  378  376  376  372  367  365
    10.0-180.0 180.0   5.0 450.0                            LAT/LON1/LON2/DLON/H
  350  360  367  366  359  346  326  298  265  230  199  172  149  134  126  125
  126  125  119  110  101   99  110  133  161  187  209  230  254  281  307  331
  360  395  431  463  487  509  534  559  579  590  595  597  600  604  609  615
  619  617  614  615  623  633  640  643  649  659  666  658  628  584  535  484
  432  385  352  338  337  340  341  343  350
     7.5-180.0 180.0   5.0 450.0                            LAT/LON1/LON2/DLON/H
  342  356  364  364  356  340  316  285  253  224  200  178  158  141  132  129
  129  127  120  109   99   95  105  130  163  195  221  244  269  295  321  345
  373  406  441  469  491  511  535  561  583  595  601  605  608  611  614  615
  613  606  597  594  601  613  623  631  643  656  663  648  612  562  510  458
  405  357  323  309  309  315  321  330  342
     5.0-180.0 180.0   5.0 450.0                            LAT/LON1/LON2/DLON/H
  348  361  366  362  349  328  298  263  230  207  192  180  165  150  139  135
  134  129  121  109   97   92  100  126  163  200  230  255  280  305  330  354
  381  411  442  467  485  503  526  553  577  593  603  610  616  621  625  626
  621  613  604  602  609  622  634  644  655  667  666  644  599  545  492  442
  392  345  312  298  301  310  321  333  348
     2.5-180.0 180.0   5.0 450.0                            LAT/LON1/LON2/DLON/H
  370  378  377  365  346  319  282  240  204  184  178  175  167  156  146  142
  138  132  122  110   98   91   98  123  162  202  236  262  286  311  335  359
  384  411  438  459  472  486  507  534  561  581  596  608  619  629  637  641
  640  635  631  633  644  656  666  673  679  683  673  640  589  533  483  438
  393  351  321  310  314  326  340  355  370
