interface/IONEXdata/CODG2570.22I
     1.0            IONOSPHERE MAPS     GNSS                IONEX VERSION / TYPE
ADDNEQ2 V5.5        AIUB                18-SEP-22 23:01     PGM / RUN BY / DATE 
CODE'S GLOBAL IONOSPHERE MAPS FOR DAY 257, 2022             COMMENT             
Global ionosphere maps (GIM) are generated on a daily basis DESCRIPTION         
at CODE using data from about 300 GNSS sites of the IGS and DESCRIPTION         
other institutions. The vertical total electron content     DESCRIPTION         
(VTEC) is modeled in a solar-geomagnetic reference frame    DESCRIPTION         
using a spherical harmonics expansion up to degree and      DESCRIPTION         
order 15. Piece-wise linear functions are used for          DESCRIPTION         
representation in the time domain. The time spacing of      DESCRIPTION         
their vertices is 1 hour, conforming with the epochs of the DESCRIPTION         
VTEC maps.                                                  DESCRIPTION         
To convert line-of-sight TEC into vertical TEC, a modified  DESCRIPTION         
single-layer model mapping function approximating the JPL   DESCRIPTION         
extended slab model mapping function is adopted. The        DESCRIPTION         
mapping function is evaluated at geodetic satellite         DESCRIPTION         
elevation angles. For the computation of the ionospheric    DESCRIPTION         
pierce points, a spherical layer with a radius of 6821 km   DESCRIPTION         
is assumed, implying geocentric, not geodetic IONEX         DESCRIPTION         
latitudes.                                                  DESCRIPTION         
Instrumental biases with respect to each involved GNSS code DESCRIPTION         
observable are estimated as constant values for each        DESCRIPTION         
day. They are modeled with one set of bias parameters for   DESCRIPTION         
each satellite and each station in case of GPS and for each DESCRIPTION         
satellite-station link in case of GLONASS. The code bias    DESCRIPTION         
datum is defined by zero-mean conditions imposed on the     DESCRIPTION         
satellite bias estimates. In this file, just GPS C1W-C2W    DESCRIPTION         
satellite and station bias values are included. The         DESCRIPTION         
complete set of GNSS code bias results is provided in an    DESCRIPTION         
additional Bias-SINEX file as pseudo-absolute values        DESCRIPTION         
specific to each observable.                                DESCRIPTION         
Note: These GIM results correspond to the results for the   DESCRIPTION         
middle day of a 3-day combination analysis solving for 73   DESCRIPTION         
times 256, or 18688 VTEC parameters and 3 daily sets of     DESCRIPTION         
GNSS code bias parameters.                                  DESCRIPTION         
Contact address: code(at)aiub.unibe.ch                      DESCRIPTION         
Data archive:    ftp.aiub.unibe.ch/CODE/                    DESCRIPTION         
                 www.aiub.unibe.ch/download/CODE/           DESCRIPTION         
  2022     9    14     0     0     0                        EPOCH OF FIRST MAP  
  2022     9    15     0     0     0                        EPOCH OF LAST MAP   
  3600                                                      INTERVAL            
[...]
badg bake bako barh bndy boav bogo bogt bor1 braz brft brst COMMENT             
brux bshm cas1 ccj2 cedu chpg chpi chti chur ckis cnmr coco COMMENT             
cord cpxf crar cro1 daej darw dav1 dgar dhlg drao dubo ebre COMMENT             
faa1 fair flrs frdn func ganp glps glsv gode godz gol2 gold COMMENT             
gope gras graz guam guug harb hers hert hlfx hnlc hob2 hofn COMMENT             
holb hrao hyde ieng iisc ineg iqal irkj isba joz2 joze karr COMMENT             
kerg kir0 kiri kiru kit3 kokb kokv koug kour krgg laut lmmf COMMENT             
lpal lpgs m0se mac1 madr mal2 mana mas1 mat1 mate maw1 mcil COMMENT             
mcm4 mdo1 mdvj medi mets mgue mizu mkea mobs monp morp mqzg COMMENT             
mro1 mtka nano nico nist nklg nlib nnor not1 nrc1 nya1 nyal COMMENT             
ohi2 onsa opmt ous2 pado parc pdel pert pie1 pohn pol2 polv COMMENT             
pots pove prds ptag ptbb qaq1 quin ramo rbay reun reyk rgdg COMMENT             
rio2 riop roth samo sant savo sch2 scor scrz sctb scub seyg COMMENT             
smst sofi spt0 ssia sthl stjo stk2 str2 suth sutm sydn syog COMMENT             
tabl tabv tash thtg thti thu2 tid1 tidb tlse tong tow2 tro1 COMMENT             
tsea tskb tuva twtf uclu ufpr ulab unb3 unbj unsa urum usn7 COMMENT             
usud vald vill voim wab1 wab2 wark wgtn whit will wind wsrt COMMENT             
wtzl wtzr wtzs wtzz wuhn xmis yar2 yar3 yarr yell ykro zamb COMMENT             
zeck zim2 zim3 zimm                                         COMMENT             
                                                            END OF HEADER       
[from data line 4719]
    12                                                      START OF TEC MAP    
  2022     9    14    11     0     0                        EPOCH OF CURRENT MAP
    87.5-180.0 180.0   5.0 450.0                            LAT/LON1/LON2/DLON/H
  127  129  131  133  135  138  140  143  146  148  151  154  156  159  161  164
  166  168  170  172  173  175  176  177  178  178  179  179  178  178  178  177
  176  175  173  172  170  169  167  165  163  160  158  156  153  151  149  146
  144  142  140  138  135  133  132  130  128  127  125  124  123  122  122  121
  121  121  121  122  122  123  124  126  127
    85.0-180.0 180.0   5.0 450.0                            LAT/LON1/LON2/DLON/H
  109  112  115  119  123  128  133  138  143  148  153  159  164  168  173  177
  181  185  188  191  194  196  198  199  201  201  202  202  202  202  201  200
  198  196  194  192  189  186  183  180  176  173  169  165  161  157  154  150
  146  143  139  136  133  130  127  124  121  118  116  113  111  109  107  105
  104  103  103  102  103  104  105  107  109
    82.5-180.0 180.0   5.0 450.0                            LAT/LON1/LON2/DLON/H
   98  101  104  109  114  120  127  133  140  147  154  161  167  173  179  184
  189  193  197  200  203  206  208  209  211  212  213  213  214  214  214  213
  212  211  209  206  204  200  197  193  189  185  181  177  172  168  165  161
  157  154  151  148  145  142  139  136  132  129  126  122  119  115  111  108
  104  101   99   96   95   94   95   96   98
    80.0-180.0 180.0   5.0 450.0                            LAT/LON1/LON2/DLON/H
   94   96   99  103  108  115  122  129  136  144  152  159  166  172  178  183
  188  192  195  198  200  202  204  205  207  208  209  211  212  214  215  216
  216  216  216  214  213  210  207  204  201  197  194  190  187  184  181  179
  177  175  173  172  170  168  166  164  162  159  155  151  146  141  135  129
  122  116  110  105  101   97   95   94   94
    77.5-180.0 180.0   5.0 450.0                            LAT/LON1/LON2/DLON/H
   98   97   99  102  106  112  118  125  132  139  146  153  159  165  170  175
  179  182  184  186  188  189  190  191  192  193  195  197  200  203  207  210
  213  215  216  217  217  216  214  212  210  208  206  204  203  202  201  201
  201  202  202  203  204  204  204  204  202  200  197  193  187  180  172  164
  154  144  134  125  117  110  104  100   98
    75.0-180.0 180.0   5.0 450.0                            LAT/LON1/LON2/DLON/H
  105  102  102  103  106  110  115  121  127  133  139  144  149  154  158  162
  165  167  169  170  171  171  171  171  171  173  175  178  183  188  194  199
  205  209  213  216  218  218  218  218  218  217  217  218  219  220  222  224
  226  229  232  234  237  239  241  243  243  243  240  237  231  223  213  202
  190  177  163  150  138  127  118  111  105
    72.5-180.0 180.0   5.0 450.0                            LAT/LON1/LON2/DLON/H
  113  108  105  104  105  108  112  116  121  125  129  133  137  140  143  147
  149  152  153  154  154  154  153  153  153  154  156  160  166  172  180  188
  196  202  208  212  216  218  219  220  222  223  226  228  232  235  239  243
  247  250  254  258  261  265  268  271  273  274  273  269  264  256  245  232
  218  203  187  172  157  144  131  121  113
    70.0-180.0 180.0   5.0 450.0                            LAT/LON1/LON2/DLON/H
  117  110  105  102  102  104  106  109  113  116  118  121  123  126  128  131
  134  137  139  141  141  141  140  140  139  140  142  147  153  161  170  179
  188  196  203  208  212  215  218  220  223  227  231  235  240  245  250  254
  258  261  264  267  270  273  277  280  283  285  285  282  277  269  258  245
  230  215  199  183  167  153  139  127  117
    67.5-180.0 180.0   5.0 450.0                            LAT/LON1/LON2/DLON/H
  115  106   99   96   94   95   97  100  102  104  106  108  109  111  114  117
  120  124  128  130  132  133  133  133  133  134  136  140  147  155  164  174
  183  192  198  204  208  211  214  218  222  227  233  238  244  249  253  256
  259  260  261  262  263  264  266  269  272  274  275  273  268  260  249  236
  222  208  193  180  166  152  139  127  115
    65.0-180.0 180.0   5.0 450.0                            LAT/LON1/LON2/DLON/H
  107   96   88   83   81   82   84   87   89   91   93   94   95   97   99  103
  107  112  116  121  125  127  129  131  132  133  136  141  147  155  164  173
  182  189  195  200  203  207  211  215  221  227  233  239  244  248  251  252
  252  250  248  246  244  242  242  244  246  247  247  245  240  232  221  208
  196  184  173  163  153  142  131  119  107
    62.5-180.0 180.0   5.0 450.0                            LAT/LON1/LON2/DLON/H
   94   83   73   67   65   65   68   71   74   76   78   79   81   82   85   88
   93   98  104  110  116  121  126  130  133  136  140  145  151  158  167  175
  183  189  194  197  201  204  208  213  220  226  233  238  242  244  245  244
  241  237  232  226  221  217  214  214  214  215  214  211  204  195  183  171
  160  151  144  139  134  127  118  107   94
    60.0-180.0 180.0   5.0 450.0                            LAT/LON1/LON2/DLON/H
   82   69   58   51   48   49   51   55   58   61   63   65   67   68   71   73
   77   83   89   96  104  112  120  127  133  139  144  150  156  164  171  179
  185  191  195  198  200  204  208  214  221  228  234  239  241  241  240  237
  232  226  219  211  204  198  193  190  189  188  186  181  173  162  149  136
  126  119  116  116  116  113  106   95   82
    57.5-180.0 180.0   5.0 450.0                            LAT/LON1/LON2/DLON/H
   74   60   48   39   36   36   38   41   44   47   50   52   54   56   57   59
   62   66   72   80   90  101  112  122  132  140  147  154  162  169  177  184
  190  195  198  201  204  207  212  219  226  233  238  242  243  242  239  235
  229  223  215  207  199  192  186  182  179  177  173  167  157  144  129  115
  104   99   98  101  104  104   99   88   74
    55.0-180.0 180.0   5.0 450.0                            LAT/LON1/LON2/DLON/H
   74   59   45   36   32   31   31   33   35   37   40   42   44   45   46   47
   49   52   57   65   76   90  104  117  129  140  149  158  166  174  182  189
  196  201  205  209  212  216  221  227  233  240  244  247  247  246  243  240
  235  230  223  216  208  201  194  190  186  183  178  171  161  146  129  114
  102   96   96  100  104  106  101   90   74
    52.5-180.0 180.0   5.0 450.0                            LAT/LON1/LON2/DLON/H
   83   67   53   44   39   36   34   33   33   33   35   37   38   39   39   39
   39   42   46   55   67   82   98  114  128  140  150  160  169  178  187  196
  203  210  216  221  225  229  233  238  244  249  253  255  255  255  253  251
  249  245  239  233  227  220  215  210  207  203  199  192  181  166  149  132
  118  110  108  111  115  116  110   99   83
    50.0-180.0 180.0   5.0 450.0                            LAT/LON1/LON2/DLON/H
   98   82   69   61   55   51   47   42   39   37   36   37   38   38   37   37
   37   39   43   52   65   82   99  116  130  142  153  163  173  183  193  202
  212  221  229  237  242  246  249  252  255  259  262  264  266  267  267  267
  266  263  258  253  248  243  239  235  232  228  225  219  210  197  181  164
  148  137  132  131  132  131  125  113   98
    47.5-180.0 180.0   5.0 450.0                            LAT/LON1/LON2/DLON/H
  114  100   90   83   78   73   66   58   52   47   45   44   43   42   42   41
   41   43   49   58   72   89  107  123  137  148  157  167  177  188  198  209
  220  232  244  254  261  265  267  268  268  270  272  275  278  281  283  284
  283  280  274  269  265  261  258  255  253  250  247  243  237  228  214  198
  182  167  157  152  149  145  139  128  114
    45.0-180.0 180.0   5.0 450.0                            LAT/LON1/LON2/DLON/H
  127  117  110  105  102   96   88   78   69   62   58   56   54   52   51   51
   52   55   60   71   85  103  121  136  147  156  164  173  183  193  203  214
  226  241  256  271  281  286  287  285  283  283  284  288  293  297  300  301
  298  292  284  278  273  270  269  267  264  261  259  257  254  249  240  226
  209  192  177  166  159  153  147  138  127
    42.5-180.0 180.0   5.0 450.0                            LAT/LON1/LON2/DLON/H
  134  127  123  121  119  115  106   96   86   80   76   73   70   67   66   66
   67   70   75   86  101  119  136  150  159  165  171  179  188  198  207  217
  230  246  266  285  300  307  307  304  300  298  300  305  311  316  319  317
  311  300  290  281  276  274  273  270  266  262  260  259  259  257  252  241
  226  207  188  171  160  153  148  142  134
    40.0-180.0 180.0   5.0 450.0                            LAT/LON1/LON2/DLON/H
  134  130  127  127  127  124  117  108  101   96   94   91   88   85   83   83
   83   85   89   99  114  133  150  162  168  173  178  185  193  201  208  216
  229  248  272  297  317  327  329  326  321  320  322  328  334  339  340  335
  325  311  297  287  282  280  278  274  268  261  257  255  256  256  253  245
  231  211  188  167  153  145  142  139  134
    37.5-180.0 180.0   5.0 450.0                            LAT/LON1/LON2/DLON/H
  130  125  122  123  124  123  118  113  109  109  110  109  107  103  101   99
   98   97   99  106  121  140  156  168  173  177  181  188  196  203  208  213
  225  245  274  305  332  348  353  351  348  348  351  358  365  369  368  360
  347  331  316  306  302  300  297  290  280  268  260  255  254  253  251  244
  230  210  185  161  144  136  134  133  130
    35.0-180.0 180.0   5.0 450.0                            LAT/LON1/LON2/DLON/H
  126  119  113  112  113  114  113  111  112  117  122  125  124  121  118  115
  110  105  103  107  120  139  156  167  173  176  181  189  198  203  206  209
  220  241  275  313  347  370  379  381  380  382  388  397  404  407  404  395
  382  367  356  349  347  345  339  327  310  294  280  270  265  260  255  247
  233  212  186  159  140  132  130  130  126
    32.5-180.0 180.0   5.0 450.0                            LAT/LON1/LON2/DLON/H
  128  116  105  100  101  103  104  105  111  120  130  135  137  135  132  127
  119  109  101  102  113  132  149  161  168  172  179  188  198  203  205  207
  217  240  278  322  363  392  407  413  417  423  431  441  449  452  449  442
  432  424  420  420  421  418  407  388  365  341  322  307  296  285  275  263
  248  226  199  171  149  139  137  135  128
    30.0-180.0 180.0   5.0 450.0                            LAT/LON1/LON2/DLON/H
  139  121  104   96   95   97   98  101  108  120  132  141  144  144  142  136
  125  110   98   95  104  122  140  153  160  167  175  187  198  205  207  209
  220  245  286  336  382  416  436  447  455  464  476  487  496  501  501  498
  496  498  505  513  518  513  496  470  438  409  384  365  347  330  313  296
  279  257  229  199  175  163  158  152  139
    27.5-180.0 180.0   5.0 450.0                            LAT/LON1/LON2/DLON/H
  161  137  116  104  101  102  102  103  108  119  131  141  146  148  146  140
  128  110   94   89   97  114  133  146  155  162  173  187  200  209  213  218
  231  260  303  355  404  441  465  479  490  503  517  531  542  549  554  558
  567  581  600  617  624  616  593  558  519  485  457  435  413  389  365  342
  322  300  273  242  216  200  191  180  161
    25.0-180.0 180.0   5.0 450.0                            LAT/LON1/LON2/DLON/H
  193  164  140  126  122  121  118  113  113  119  129  138  143  146  146  141
  129  110   94   87   93  110  129  143  153  162  175  190  206  217  226  236
  253  284  328  380  429  466  491  507  520  535  550  566  579  591  602  614
  633  659  688  712  720  708  677  635  592  555  526  503  478  450  420  393
  371  349  323  293  266  246  232  216  193
    22.5-180.0 180.0   5.0 450.0                            LAT/LON1/LON2/DLON/H
  229  200  175  162  157  153  144  133  125  124  127  132  136  139  140  137
  127  111   96   89   96  112  131  146  156  167  181  198  216  231  245  261
  284  317  361  411  456  491  514  529  543  558  573  589  605  621  638  657
  684  718  753  780  786  769  733  688  643  605  577  555  530  500  466  436
  412  392  369  341  313  291  274  255  229
    20.0-180.0 180.0   5.0 450.0                            LAT/LON1/LON2/DLON/H
  265  237  215  204  198  192  178  159  143  132  128  127  128  129  131  130
  124  112  100   95  101  117  136  152  164  177  192  210  230  250  270  293
  321  357  399  443  483  513  533  547  559  572  586  601  619  638  658  682
  711  747  783  808  810  789  751  706  663  628  602  580  557  526  491  458
  434  417  398  375  350  328  310  290  265
    17.5-180.0 180.0   5.0 450.0                            LAT/LON1/LON2/DLON/H
  296  273  255  245  239  229  211  186  162  144  132  125  121  119  120  121
  119  113  105  101  108  123  142  160  175  190  208  227  249  273  299  328
  361  397  437  475  509  534  550  561  571  580  591  604  621  642  664  687
  714  745  775  793  791  768  733  693  656  624  599  578  555  525  489  456
  432  417  405  388  369  351  335  318  296
    15.0-180.0 180.0   5.0 450.0                            LAT/LON1/LON2/DLON/H
  320  303  288  279  270  257  235  207  180  157  140  127  118  112  111  113
  114  112  108  106  111  125  145  167  187  206  226  248  271  298  329  363
  399  435  471  504  531  552  565  575  582  587  592  602  618  638  658  676
  695  716  736  746  739  718  690  661  632  604  578  555  530  500  464  430
  406  394  387  380  369  358  348  336  320
    12.5-180.0 180.0   5.0 450.0                            LAT/LON1/LON2/DLON/H
  337  325  312  300  287  269  245  218  191  168  149  133  119  109  105  106
  110  112  109  107  110  124  146  171  197  222  246  270  296  325  358  394
  431  466  498  526  549  567  580  588  593  595  596  601  614  631  647  658
  666  674  682  683  674  658  642  627  608  583  553  524  495  463  426  390
  364  354  353  355  355  354  352  347  337
    10.0-180.0 180.0   5.0 450.0                            LAT/LON1/LON2/DLON/H
  351  341  327  309  288  264  238  215  194  175  158  141  125  112  104  104
  109  112  109  105  106  119  143  174  206  237  266  293  320  350  384  420
  455  487  515  540  561  579  593  603  607  606  603  604  613  627  638  640
  637  634  632  627  619  611  609  608  599  574  538  500  464  428  389  350
  321  310  314  324  335  345  352  354  351
     7.5-180.0 180.0   5.0 450.0                            LAT/LON1/LON2/DLON/H
  363  353  334  307  276  244  218  199  186  176  164  150  133  118  109  107
  110  113  109  102  101  113  140  176  215  251  284  314  343  373  404  438
  470  498  523  546  567  586  603  616  621  619  613  611  617  628  634  631
  620  610  602  596  591  592  603  614  612  585  541  493  449  408  365  322
  290  276  282  298  319  338  353  363  363
     5.0-180.0 180.0   5.0 450.0                            LAT/LON1/LON2/DLON/H
  376  365  339  301  258  218  190  176  171  169  165  155  142  127  116  113
  115  115  110  101   98  111  140  180  223  263  299  332  362  390  419  448
  476  500  522  544  566  587  608  623  631  629  622  619  624  633  638  632
  620  608  601  597  597  606  625  644  644  615  563  505  455  410  364  317
  280  262  266  286  312  338  360  374  376
     2.5-180.0 180.0   5.0 450.0                            LAT/LON1/LON2/DLON/H
  390  375  343  296  242  194  163  151  152  157  159  155  146  134  124  119
  120  119  112  102   99  113  145  187  231  272  310  344  374  401  427  451
  475  495  515  535  557  580  603  621  631  631  626  624  629  639  645  641
  633  627  625  627  631  644  666  686  684  651  593  531  477  431  383  335
  293  271  272  290  318  347  372  387  390
