interface/IONEXdata/CODG0780.22I
     1.0            IONOSPHERE MAPS     GNSS                IONEX VERSION / TYPE
ADDNEQ2 V5.3        AIUB                23-MAR-22 21:09     PGM / RUN BY / DATE 
CODE'S GLOBAL IONOSPHERE MAPS FOR DAY 078, 2022             COMMENT             
Global ionosphere maps (GIM) are generated on a daily basis DESCRIPTION         
at CODE using data from about 300 GNSS sites of the IGS and DESCRIPTION         
other institutions. The vertical total electron content     DESCRIPTION         
(VTEC) is modeled in a solar-geomagnetic reference frame    DESCRIPTION         
using a spherical harmonics expansion up to degree and      DESCRIPTION         
order 15. Piece-wise linear functions are used for          DESCRIPTION         
representation in the time domain. The time spacing of      DESCRIPTION         
their vertices is 1 hour, conforming with the epochs of the DESCRIPTION         
VTEC maps.                                                  DESCRIPTION         
To convert line-of-sight TEC into vertical TEC, a modified  DESCRIPTION         
single-layer model mapping function approximating the JPL   DESCRIPTION         
extended slab model mapping function is adopted. The        DESCRIPTION         
mapping function is evaluated at geodetic satellite         DESCRIPTION         
elevation angles. For the computation of the ionospheric    DESCRIPTION         
pierce points, a spherical layer with a radius of 6821 km   DESCRIPTION         
is assumed, implying geocentric, not geodetic IONEX         DESCRIPTION         
latitudes.                                                  DESCRIPTION         
Instrumental biases with respect to each involved GNSS code DESCRIPTION         
observable are estimated as constant values for each        DESCRIPTION         
day. They are modeled with one set of bias parameters for   DESCRIPTION         
each satellite and each station in case of GPS and for each DESCRIPTION         
satellite-station link in case of GLONASS. The code bias    DESCRIPTION         
datum is defined by zero-mean conditions imposed on the     DESCRIPTION         
satellite bias estimates. In this file, just GPS C1W-C2W    DESCRIPTION         
satellite and station bias values are included. The         DESCRIPTION         
complete set of GNSS code bias results is provided in an    DESCRIPTION         
additional Bias-SINEX file as pseudo-absolute values        DESCRIPTION         
specific to each observable.                                DESCRIPTION         
Note: These GIM results correspond to the results for the   DESCRIPTION         
middle day of a 3-day combination analysis solving for 73   DESCRIPTION         
times 256, or 18688 VTEC parameters and 3 daily sets of     DESCRIPTION         
GNSS code bias parameters.                                  DESCRIPTION         
Contact address: code(at)aiub.unibe.ch                      DESCRIPTION         
Data archive:    ftp.aiub.unibe.ch/CODE/                    DESCRIPTION         
                 www.aiub.unibe.ch/download/CODE/           DESCRIPTION         
  2022     3    19     0     0     0                        EPOCH OF FIRST MAP  
  2022     3    20     0     0     0                        EPOCH OF LAST MAP   
  3600                                                      INTERVAL            
[...]
bjco bjfs bndy boav bogo bogt bor1 braz brft brst brux bshm COMMENT             
cags cas1 ccj2 cedu chpg chpi chti chur ckis coco cord cpvg COMMENT             
cro1 daej darw dav1 dgar dhlg drao dubo ebre faa1 fair flin COMMENT             
flrs frdn ftna func ganp glps glsv gode godz gope gras graz COMMENT             
guam guug harb hers hert hlfx hnlc hnpt hob2 holb hrao hyde COMMENT             
ieng iisc ineg invk iqal isba joz2 joze karr kerg kir0 kiru COMMENT             
kit3 kokb kokv koug kour krgg laut lmmf lpal lpgs m0se mac1 COMMENT             
madr mal2 mana mas1 mat1 mate maui maw1 mcil mcm4 mdo1 mdvj COMMENT             
medi mets mgue mizu mkea mobj mobs monp morp mqzg mro1 mtka COMMENT             
nano nico nist nklg nlib nnor not1 nrc1 ntus nya1 nyal ohi2 COMMENT             
onsa opmt ous2 pado parc park pdel penc pert pie1 pol2 polv COMMENT             
pots pove prds ptag ptbb qaq1 quin rabt ramo rbay reun reyk COMMENT             
rgdg rio2 riop salu samo sant savo sch2 scor scrz sctb scub COMMENT             
seyg smst sofi spt0 sthl stjo stk2 str2 suth sutm suwn sydn COMMENT             
syog tabl tabv thtg thti thu2 tid1 tidb tixg tlse tong tow2 COMMENT             
tro1 tsea tskb tuva twtf uclu ufpr ulab unbj unsa urum usn7 COMMENT             
usud vald vill voim wab2 wark wes2 wgtn whit will wind wsrt COMMENT             
wtzr wuhn xmis yakt yar2 yar3 yarr yell ykro yssk zamb zeck COMMENT             
zim2 zim3 zimm                                              COMMENT             
                                                            END OF HEADER       
[from data line 9009]
    22                                                      START OF TEC MAP    
  2022     3    19    21     0     0                        EPOCH OF CURRENT MAP
    87.5-180.0 180.0   5.0 450.0                            LAT/LON1/LON2/DLON/H
  129  129  129  129  129  129  129  129  129  129  129  129  130  130  130  130
  130  130  129  129  129  129  128  128  128  128  127  127  127  126  126  126
  126  126  126  126  126  126  126  126  126  126  127  127  127  128  128  128
  129  129  129  129  130  130  130  130  130  130  131  131  130  130  130  130
  130  130  130  129  129  129  129  129  129
    85.0-180.0 180.0   5.0 450.0                            LAT/LON1/LON2/DLON/H
  125  125  125  125  126  126  127  128  129  130  131  132  133  134  134  135
  135  135  135  134  134  133  132  131  130  129  128  127  127  126  125  125
  124  124  124  124  124  124  125  125  125  126  126  127  127  128  128  129
  130  130  131  131  132  132  133  133  133  133  133  133  133  132  132  131
  130  130  129  128  127  127  126  126  125
    82.5-180.0 180.0   5.0 450.0                            LAT/LON1/LON2/DLON/H
  118  117  118  118  119  121  123  125  127  130  133  135  138  140  142  143
  144  144  144  144  143  141  140  138  136  134  132  130  129  128  127  126
  126  126  126  126  126  126  127  127  127  127  128  128  128  128  129  129
  130  131  131  132  133  133  134  134  134  134  134  133  133  132  131  129
  128  126  125  123  122  121  119  118  118
    80.0-180.0 180.0   5.0 450.0                            LAT/LON1/LON2/DLON/H
  109  108  108  109  111  113  116  120  124  129  134  139  143  147  150  153
  155  155  155  155  153  151  149  146  143  141  138  135  133  132  131  130
  130  130  130  131  131  132  132  132  131  131  130  130  129  128  128  128
  128  128  129  129  130  131  131  131  131  131  130  129  128  127  126  124
  122  120  119  117  115  113  111  110  109
    77.5-180.0 180.0   5.0 450.0                            LAT/LON1/LON2/DLON/H
  102  101  101  102  104  106  111  116  122  128  135  142  149  154  159  162
  165  166  166  166  164  162  159  155  152  148  145  141  139  137  135  135
  135  136  137  137  138  138  138  138  136  135  132  130  128  126  125  123
  123  122  122  123  123  123  123  123  123  122  121  120  119  117  116  115
  113  112  111  109  108  106  105  103  102
    75.0-180.0 180.0   5.0 450.0                            LAT/LON1/LON2/DLON/H
  101  100  100  100  101  104  108  114  121  129  138  146  154  160  166  170
  172  174  174  174  173  171  168  164  160  155  151  147  143  140  139  138
  138  139  140  142  143  143  142  141  138  135  132  128  124  120  117  115
  114  113  112  112  112  112  111  110  109  108  107  106  105  104  103  103
  103  103  103  103  103  103  103  102  101
    72.5-180.0 180.0   5.0 450.0                            LAT/LON1/LON2/DLON/H
  108  107  106  105  106  107  111  117  124  133  142  151  159  165  170  174
  176  177  178  178  178  177  175  171  167  161  156  150  145  141  138  137
  137  138  139  140  141  141  140  138  135  130  125  120  115  111  107  104
  102  100   99   99   98   97   96   95   93   91   90   88   88   88   88   89
   91   93   96   99  102  105  107  108  108
    70.0-180.0 180.0   5.0 450.0                            LAT/LON1/LON2/DLON/H
  120  121  119  118  117  117  120  124  131  140  149  157  164  169  172  174
  176  177  178  179  180  180  179  177  172  166  159  151  144  138  134  131
  130  129  130  131  131  131  129  127  123  119  113  108  102   97   93   90
   88   87   85   85   83   82   80   78   76   74   72   71   71   72   73   76
   80   85   91   97  104  110  115  118  120
    67.5-180.0 180.0   5.0 450.0                            LAT/LON1/LON2/DLON/H
  136  138  137  135  133  131  132  136  142  150  158  165  170  173  174  174
  173  174  175  178  180  182  182  180  175  168  160  150  141  133  126  122
  119  117  115  115  114  113  112  109  106  102   97   92   87   83   79   77
   75   73   72   71   70   68   65   63   60   58   57   56   57   59   62   66
   72   78   87   96  105  115  124  131  136
    65.0-180.0 180.0   5.0 450.0                            LAT/LON1/LON2/DLON/H
  150  154  155  153  150  147  147  150  155  162  169  174  177  177  175  173
  171  171  173  176  180  183  185  183  178  169  159  148  138  128  120  113
  108  103  100   97   94   92   90   88   86   83   80   76   73   69   66   65
   63   63   62   61   59   56   54   51   49   47   46   47   49   51   55   60
   66   74   83   94  106  119  131  142  150
    62.5-180.0 180.0   5.0 450.0                            LAT/LON1/LON2/DLON/H
  159  166  169  168  165  162  161  163  168  175  180  184  185  183  179  174
  171  170  172  176  181  185  186  184  179  170  159  148  137  127  118  110
  102   95   88   82   77   74   71   70   68   67   66   64   61   59   57   56
   56   55   54   53   51   48   46   44   42   41   42   44   46   50   54   59
   65   72   81   91  104  118  133  148  159
    60.0-180.0 180.0   5.0 450.0                            LAT/LON1/LON2/DLON/H
  161  172  177  177  175  173  173  176  182  188  193  195  194  190  184  179
  175  174  175  179  183  187  187  185  179  170  160  151  141  132  124  115
  105   95   85   76   68   63   59   58   57   58   57   57   55   54   53   52
   52   52   51   50   47   45   43   41   41   42   44   46   50   54   59   63
   68   74   80   88  100  114  130  147  161
    57.5-180.0 180.0   5.0 450.0                            LAT/LON1/LON2/DLON/H
  158  171  179  182  182  181  183  188  195  201  206  207  204  199  193  187
  183  181  182  184  187  189  188  185  179  171  164  157  151  145  138  129
  118  105   92   80   69   62   57   56   56   56   57   57   56   54   53   53
   52   52   52   50   48   46   44   44   45   47   50   54   58   62   67   71
   75   78   82   87   96  108  124  142  158
    55.0-180.0 180.0   5.0 450.0                            LAT/LON1/LON2/DLON/H
  154  168  178  183  186  189  194  201  209  216  220  220  216  211  205  199
  195  193  191  191  191  191  188  184  179  174  170  168  166  163  157  149
  136  122  106   92   79   70   65   63   62   63   64   63   62   60   58   57
   57   57   56   55   53   51   50   51   53   56   59   63   67   71   76   81
   84   87   88   90   95  105  119  136  154
    52.5-180.0 180.0   5.0 450.0                            LAT/LON1/LON2/DLON/H
  151  166  178  185  191  197  206  217  227  234  237  235  230  225  219  214
  210  206  202  199  196  193  189  185  181  179  178  180  181  181  176  167
  153  137  121  106   94   84   79   76   75   75   75   74   71   69   67   65
   65   65   65   64   62   60   60   61   63   66   69   72   75   79   84   90
   95   98   98   99  101  107  119  134  151
    50.0-180.0 180.0   5.0 450.0                            LAT/LON1/LON2/DLON/H
  155  170  181  190  199  209  222  236  249  256  257  253  247  241  236  232
  227  220  213  206  200  195  191  188  186  185  188  191  194  193  188  176
  162  145  129  116  106   98   93   90   89   88   88   86   83   80   77   76
   76   77   77   76   74   73   72   74   76   78   79   80   81   84   90   97
  105  110  112  112  112  116  126  139  155
    47.5-180.0 180.0   5.0 450.0                            LAT/LON1/LON2/DLON/H
  166  179  190  200  210  224  242  259  273  280  280  274  266  260  255  251
  244  235  224  214  206  201  197  195  193  194  196  198  199  195  186  172
  156  140  127  118  112  107  104  102  101  100   99   97   95   92   89   88
   89   90   91   90   89   87   86   87   88   88   87   85   84   86   92  102
  112  121  126  128  129  132  140  152  166
    45.0-180.0 180.0   5.0 450.0                            LAT/LON1/LON2/DLON/H
  181  193  203  213  225  242  263  283  299  306  303  296  288  281  277  271
  262  250  235  223  214  210  208  206  205  203  201  199  195  185  171  154
  137  124  115  112  111  111  110  109  108  108  108  107  106  104  102  101
  102  104  105  105  103  101  100   99   99   97   93   88   85   85   92  103
  118  131  140  144  147  151  159  169  181
    42.5-180.0 180.0   5.0 450.0                            LAT/LON1/LON2/DLON/H
  199  209  218  227  241  259  282  304  321  328  325  317  309  303  298  292
  281  265  248  235  227  224  224  223  218  212  204  194  182  167  148  129
  112  103  100  103  107  111  113  112  112  112  114  116  116  115  114  113
  114  115  116  116  115  113  111  109  107  103   97   90   84   84   90  103
  120  137  149  158  164  170  178  189  199
    40.0-180.0 180.0   5.0 450.0                            LAT/LON1/LON2/DLON/H
  215  224  232  241  254  273  297  320  337  344  342  335  328  323  319  312
  299  282  263  250  243  243  244  241  233  219  203  185  167  146  125  107
   94   89   92  100  109  114  116  116  115  117  120  123  126  126  124  123
  122  122  123  124  123  121  118  115  111  106   99   91   84   83   89  102
  121  140  155  166  175  184  194  205  215
    37.5-180.0 180.0   5.0 450.0                            LAT/LON1/LON2/DLON/H
  227  236  244  253  266  284  306  328  345  353  352  348  343  340  337  330
  316  298  280  267  263  264  265  260  246  225  201  177  155  135  116  102
   95   96  104  114  122  126  126  124  122  123  127  131  135  135  133  129
  126  125  125  125  125  123  120  117  112  106   99   91   85   83   89  103
  121  140  156  169  180  192  205  217  227
    35.0-180.0 180.0   5.0 450.0                            LAT/LON1/LON2/DLON/H
  235  245  253  263  276  292  311  331  347  356  358  357  355  354  351  345
  331  314  297  285  282  283  283  274  255  229  201  176  156  141  131  126
  127  133  141  149  153  151  145  139  134  133  136  140  143  142  138  131
  125  122  120  120  121  120  118  114  109  104   99   93   88   86   92  105
  123  141  156  169  181  195  210  223  235
    32.5-180.0 180.0   5.0 450.0                            LAT/LON1/LON2/DLON/H
  241  253  264  275  288  302  318  334  348  358  363  365  365  365  362  356
  344  328  312  301  297  296  294  283  261  233  207  186  175  172  175  181
  190  199  205  205  199  188  174  161  152  147  147  148  148  146  139  130
  121  115  112  112  114  114  112  108  104  101   97   94   91   91   96  109
  126  143  157  168  181  195  212  227  241
    30.0-180.0 180.0   5.0 450.0                            LAT/LON1/LON2/DLON/H
  248  262  277  292  305  318  330  343  356  367  374  378  379  377  373  366
  355  341  326  313  306  302  297  286  266  242  222  213  215  228  245  263
  277  285  284  273  254  230  206  187  172  163  157  154  151  146  138  127
  116  107  103  103  105  106  105  102   98   96   96   95   94   95  101  115
  132  148  161  171  182  197  214  232  248
    27.5-180.0 180.0   5.0 450.0                            LAT/LON1/LON2/DLON/H
  258  277  297  316  331  344  354  365  377  389  398  403  403  397  389  380
  369  355  339  322  309  300  294  286  272  258  250  255  273  301  330  356
  372  375  363  338  303  267  234  209  190  176  165  157  150  144  135  124
  112  102   97   97   99  100   99   96   93   93   94   95   96   98  105  120
  139  156  168  177  187  202  220  239  258
    25.0-180.0 180.0   5.0 450.0                            LAT/LON1/LON2/DLON/H
  273  297  322  346  366  380  390  401  415  428  439  444  441  430  416  402
  388  373  353  330  309  296  291  288  285  284  290  310  342  380  416  442
  454  448  423  382  335  288  250  222  201  184  168  156  147  140  133  124
  112  103   97   97   98   98   96   92   90   90   92   95   96   98  107  124
  146  166  179  187  197  211  230  251  273
    22.5-180.0 180.0   5.0 450.0                            LAT/LON1/LON2/DLON/H
  292  320  351  381  405  423  437  451  468  485  498  503  496  479  458  438
  420  401  374  343  314  296  293  300  310  322  342  371  410  450  484  503
  505  486  448  396  339  288  249  222  203  185  168  153  144  139  135  129
  119  110  105  102  102  100   96   91   89   89   92   94   95   97  106  126
  152  175  190  199  209  224  244  267  292
    20.0-180.0 180.0   5.0 450.0                            LAT/LON1/LON2/DLON/H
  311  343  379  414  444  467  487  508  530  552  568  574  566  544  517  490
  467  441  408  367  330  309  310  326  348  372  399  432  468  500  522  527
  513  482  433  375  315  265  230  210  196  182  166  152  144  142  143  140
  133  124  118  113  110  105   99   94   90   90   92   93   93   94  103  125
  154  181  199  210  220  236  258  283  311
    17.5-180.0 180.0   5.0 450.0                            LAT/LON1/LON2/DLON/H
  327  362  401  440  475  505  533  561  590  618  638  648  641  619  588  557
  528  497  455  406  363  341  346  369  399  428  456  483  507  523  525  511
  481  439  386  327  272  228  202  191  186  179  168  156  151  152  156  156
  151  142  134  127  120  112  104   98   94   93   94   93   91   91  100  122
  154  184  204  216  227  245  269  296  327
    15.0-180.0 180.0   5.0 450.0                            LAT/LON1/LON2/DLON/H
  337  373  414  455  494  529  565  601  637  669  694  709  709  692  664  632
  600  563  516  462  415  392  400  427  459  485  505  519  525  520  499  465
  421  372  321  269  223  190  174  174  180  181  176  169  166  170  174  175
  169  159  149  139  128  118  109  102   98   97   96   94   90   89   97  119
  151  182  203  216  229  249  275  305  337
    12.5-180.0 180.0   5.0 450.0                            LAT/LON1/LON2/DLON/H
  342  378  418  459  499  538  579  620  660  694  724  746  756  751  731  703
  671  633  584  528  481  459  466  491  518  535  541  538  524  496  455  406
  354  305  261  221  187  165  159  168  183  193  195  191  189  192  195  193
  184  172  159  146  133  122  113  107  103  101   99   96   91   89   96  116
  147  176  198  212  227  249  278  309  342
    10.0-180.0 180.0   5.0 450.0                            LAT/LON1/LON2/DLON/H
  343  378  415  454  494  534  576  619  657  689  719  748  771  781  775  756
  730  695  649  596  552  531  535  553  568  571  561  540  509  465  411  353
  300  258  226  200  178  165  165  179  199  216  222  221  218  216  213  205
  192  177  162  147  133  121  114  110  108  105  102   98   93   91   97  116
  143  171  191  206  223  248  278  310  343
     7.5-180.0 180.0   5.0 450.0                            LAT/LON1/LON2/DLON/H
  345  378  413  449  485  523  563  601  632  657  682  715  750  777  786  780
  762  735  697  653  614  594  593  600  601  590  565  532  489  437  379  323
  277  246  227  214  202  193  194  207  228  247  256  254  247  238  226  210
  192  173  157  142  127  117  112  111  111  108  104  100   96   95  101  117
  141  166  186  202  221  248  280  313  345
     5.0-180.0 180.0   5.0 450.0                            LAT/LON1/LON2/DLON/H
  351  383  415  448  481  514  548  576  595  607  623  654  696  736  761  768
  761  744  718  685  655  637  629  625  613  590  557  518  473  422  370  322
  288  270  264  260  253  243  239  246  263  280  288  283  270  251  230  206
  183  162  146  131  118  110  108  111  112  110  105  101   99   99  105  119
  141  164  184  202  224  253  287  320  351
     2.5-180.0 180.0   5.0 450.0                            LAT/LON1/LON2/DLON/H
  362  394  426  458  487  515  540  557  560  555  557  580  623  670  705  722
  725  719  706  687  667  650  638  625  605  576  543  505  465  423  382  348
  327  321  323  324  317  302  289  286  295  307  311  302  282  255  225  195
  168  147  131  118  107  101  103  108  111  109  104  100  100  103  109  122
  143  165  187  207  232  264  298  331  362
