interface/IONEXdata/CODG3050.22I
     1.0            IONOSPHERE MAPS     GNSS                IONEX VERSION / TYPE
ADDNEQ2 V5.5        AIUB                05-NOV-22 23:16     PGM / RUN BY / DATE 
CODE'S GLOBAL IONOSPHERE MAPS FOR DAY 305, 2022             COMMENT             
Global ionosphere maps (GIM) are generated on a daily basis DESCRIPTION         
at CODE using data from about 300 GNSS sites of the IGS and DESCRIPTION         
other institutions. The vertical total electron content     DESCRIPTION         
(VTEC) is modeled in a solar-geomagnetic reference frame    DESCRIPTION         
using a spherical harmonics expansion up to degree and      DESCRIPTION         
order 15. Piece-wise linear functions are used for          DESCRIPTION         
representation in the time domain. The time spacing of      DESCRIPTION         
their vertices is 1 hour, conforming with the epochs of the DESCRIPTION         
VTEC maps.                                                  DESCRIPTION         
To convert line-of-sight TEC into vertical TEC, a modified  DESCRIPTION         
single-layer model mapping function approximating the JPL   DESCRIPTION         
extended slab model mapping function is adopted. The        DESCRIPTION         
mapping function is evaluated at geodetic satellite         DESCRIPTION         
elevation angles. For the computation of the ionospheric    DESCRIPTION         
pierce points, a spherical layer with a radius of 6821 km   DESCRIPTION         
is assumed, implying geocentric, not geodetic IONEX         DESCRIPTION         
latitudes.                                                  DESCRIPTION         
Instrumental biases with respect to each involved GNSS code DESCRIPTION         
observable are estimated as constant values for each        DESCRIPTION         
day. They are modeled with one set of bias parameters for   DESCRIPTION         
each satellite and each station in case of GPS and for each DESCRIPTION         
satellite-station link in case of GLONASS. The code bias    DESCRIPTION         
datum is defined by zero-mean conditions imposed on the     DESCRIPTION         
satellite bias estimates. In this file, just GPS C1W-C2W    DESCRIPTION         
satellite and station bias values are included. The         DESCRIPTION         
complete set of GNSS code bias results is provided in an    DESCRIPTION         
additional Bias-SINEX file as pseudo-absolute values        DESCRIPTION         
specific to each observable.                                DESCRIPTION         
Note: These GIM results correspond to the results for the   DESCRIPTION         
middle day of a 3-day combination analysis solving for 73   DESCRIPTION         
times 256, or 18688 VTEC parameters and 3 daily sets of     DESCRIPTION         
GNSS code bias parameters.                                  DESCRIPTION         
Contact address: code(at)aiub.unibe.ch                      DESCRIPTION         
Data archive:    ftp.aiub.unibe.ch/CODE/                    DESCRIPTION         
                 www.aiub.unibe.ch/download/CODE/           DESCRIPTION         
  2022    11     1     0     0     0                        EPOCH OF FIRST MAP  
  2022    11     2     0     0     0                        EPOCH OF LAST MAP   
  3600                                                      INTERVAL            
[...]
bake bako barh bndy boav bogo bogt bor1 braz brst brux bshm COMMENT             
cags cas1 ccj2 cedu chpg chpi chti chur ckis cnmr coco cord COMMENT             
cpvg cpxf crar cro1 daej darw dgar dhlg drao dubo ebre faa1 COMMENT             
fair flrs frdn ftna func ganp glps gode godz gol2 gold gope COMMENT             
gras graz guam guug harb hers hert hlfx hnlc hob2 hofn holb COMMENT             
hrao hyde iddr ieng iisc ineg invk iqal irkj isba joz2 joze COMMENT             
karr kerg kir0 kiru kit3 kokb kokv koug kour krgg laut lmmf COMMENT             
lpal lpgs m0se mac1 madr mal2 mana mas1 mat1 mate maw1 mcm4 COMMENT             
mdo1 mdvj medi mets mgue mizu mkea mnls mobs monp morp mqzg COMMENT             
mro1 mtka nano nico nist nklg nlib nnor not1 nrc1 ntus nya1 COMMENT             
nyal ohi2 onsa ous2 pado park pdel penc pert pie1 pimo pol2 COMMENT             
polv pots pove prds ptbb qaq1 quin rabt ramo reun reyk rgdg COMMENT             
rio2 riop roth salu samo sant savo sch2 scor scrz sctb scub COMMENT             
seyg smst sofi spt0 ssia sthl stjo stk2 suth sutm suwn syog COMMENT             
tabl tabv tash thtg thti thu2 tid1 tidb tlse tn22 tong tro1 COMMENT             
tsea tskb twtf txes uclu ufpr ulab unb3 unbj unsa urum usn7 COMMENT             
usud vald vill voim vtsp wab1 wab2 wark wgtn whit will wind COMMENT             
wsrt wtza wtzl wtzr wtzs wtzz wuhn xmis yar2 yarr yell zamb COMMENT             
zeck zim2 zim3 zimm                                         COMMENT             
                                                            END OF HEADER       
[from data line 10296]
    25                                                      START OF TEC MAP    
  2022    11     2     0     0     0                        EPOCH OF CURRENT MAP
    87.5-180.0 180.0   5.0 450.0                            LAT/LON1/LON2/DLON/H
  117  116  116  115  115  114  113  113  112  111  110  109  108  106  105  104
  103  101  100   99   98   97   95   94   93   92   91   90   90   89   89   88
   88   88   88   88   88   88   89   90   90   91   92   93   94   95   96   98
   99  100  101  103  104  105  107  108  109  110  111  112  113  114  115  115
  116  116  117  117  117  117  117  117  117
    85.0-180.0 180.0   5.0 450.0                            LAT/LON1/LON2/DLON/H
  126  125  124  123  122  121  120  119  117  116  114  112  111  109  107  105
  103  100   98   96   94   91   89   87   85   82   81   79   77   76   75   74
   73   73   73   73   74   74   75   76   78   79   81   83   85   87   89   91
   93   95   98  100  102  104  107  109  111  113  115  117  118  120  121  122
  124  124  125  126  126  126  126  126  126
    82.5-180.0 180.0   5.0 450.0                            LAT/LON1/LON2/DLON/H
  131  130  129  128  127  126  124  123  121  119  117  115  113  111  108  106
  103  101   98   95   92   89   85   82   79   76   73   71   69   67   65   64
   63   63   63   63   64   65   66   67   69   71   72   74   77   79   81   84
   87   89   92   94   97   99  102  104  107  109  112  114  116  119  121  123
  125  127  128  129  130  131  131  131  131
    80.0-180.0 180.0   5.0 450.0                            LAT/LON1/LON2/DLON/H
  135  135  134  133  131  130  128  127  125  123  120  118  115  113  110  107
  104  101   98   95   91   88   84   81   77   74   70   67   65   62   61   59
   59   59   59   60   60   62   63   64   65   67   68   70   71   73   75   77
   79   81   84   86   88   90   92   94   96   98  101  104  107  110  113  117
  120  123  127  129  132  133  134  135  135
    77.5-180.0 180.0   5.0 450.0                            LAT/LON1/LON2/DLON/H
  141  141  140  139  138  137  135  133  131  128  125  122  118  115  111  107
  103  100   96   93   90   87   84   81   77   74   70   67   64   62   61   60
   60   60   61   62   63   65   65   66   67   67   67   68   68   69   70   71
   72   73   74   75   76   77   78   79   80   82   85   88   91   96  101  106
  112  118  123  128  133  136  139  141  141
    75.0-180.0 180.0   5.0 450.0                            LAT/LON1/LON2/DLON/H
  152  153  152  151  149  148  146  144  142  138  134  129  123  116  110  105
  100   95   92   90   87   85   83   80   77   74   71   68   66   64   63   63
   64   65   67   68   70   71   71   71   70   69   68   67   66   65   65   65
   65   65   65   65   64   63   63   62   63   64   66   69   74   80   87   95
  104  113  122  130  138  144  148  151  152
    72.5-180.0 180.0   5.0 450.0                            LAT/LON1/LON2/DLON/H
  169  169  168  166  164  163  161  160  157  152  146  138  129  119  109  101
   93   88   85   83   82   81   80   79   77   74   72   69   67   65   65   66
   67   69   71   73   75   75   75   74   72   70   67   65   63   62   61   60
   59   59   57   56   54   51   49   47   47   47   50   54   59   67   76   87
   99  112  125  137  148  157  163  167  169
    70.0-180.0 180.0   5.0 450.0                            LAT/LON1/LON2/DLON/H
  189  188  185  183  180  179  178  177  175  170  161  150  137  123  109   96
   87   80   76   75   75   76   77   76   75   73   71   68   66   65   65   65
   67   69   71   73   74   75   74   73   70   67   64   61   59   57   56   56
   55   54   52   49   46   42   39   37   36   37   40   45   52   62   73   87
  102  118  134  150  164  175  183  188  189
    67.5-180.0 180.0   5.0 450.0                            LAT/LON1/LON2/DLON/H
  209  206  201  197  194  193  193  193  192  187  177  164  147  128  110   94
   82   74   70   70   71   72   74   74   73   71   69   66   64   62   61   61
   62   63   65   66   67   68   67   65   63   60   57   54   53   52   52   52
   52   51   49   46   42   37   33   31   31   33   38   45   55   66   79   95
  112  130  149  167  183  196  205  209  209
    65.0-180.0 180.0   5.0 450.0                            LAT/LON1/LON2/DLON/H
  226  220  212  205  201  200  202  204  204  200  191  176  157  136  115   97
   83   75   70   69   70   72   73   73   71   69   66   63   61   58   57   55
   54   54   54   54   55   55   54   53   52   50   48   46   46   46   48   49
   50   50   48   44   39   35   31   30   32   37   45   55   67   80   94  110
  127  146  166  186  203  217  226  229  226
    62.5-180.0 180.0   5.0 450.0                            LAT/LON1/LON2/DLON/H
  238  228  217  207  201  200  203  207  209  207  199  185  166  144  123  106
   92   83   79   77   76   76   75   74   71   68   65   62   59   56   53   50
   47   44   42   41   40   40   40   40   40   40   39   39   40   42   45   48
   49   49   47   43   38   34   31   32   37   45   57   70   85   99  114  130
  146  165  184  203  221  235  242  244  238
    60.0-180.0 180.0   5.0 450.0                            LAT/LON1/LON2/DLON/H
  246  234  219  206  198  196  199  204  208  208  201  189  172  153  135  120
  108  100   94   91   88   85   81   77   72   69   65   62   60   56   53   48
   43   38   34   31   29   29   30   31   32   33   34   35   37   40   43   47
   49   49   46   42   37   33   32   35   43   55   71   88  105  121  136  150
  165  181  199  217  234  247  254  254  246
    57.5-180.0 180.0   5.0 450.0                            LAT/LON1/LON2/DLON/H
  253  239  223  208  198  194  195  199  203  203  198  188  175  161  148  137
  128  121  115  109  102   95   88   81   76   72   69   66   64   61   57   51
   45   38   32   28   25   25   26   28   30   32   34   35   37   40   44   47
   49   49   46   41   36   33   33   38   49   65   84  105  124  141  155  168
  181  195  210  227  243  255  262  261  253
    55.0-180.0 180.0   5.0 450.0                            LAT/LON1/LON2/DLON/H
  262  250  234  219  207  201  199  200  201  199  193  185  176  167  160  154
  148  141  134  125  116  105   95   87   81   77   74   73   72   69   65   59
   53   45   39   34   31   31   32   34   36   38   39   40   41   43   46   49
   50   50   47   42   37   34   36   42   56   74   96  118  139  156  170  182
  192  204  217  232  247  259  267  268  262
    52.5-180.0 180.0   5.0 450.0                            LAT/LON1/LON2/DLON/H
  275  267  255  242  230  222  217  212  207  200  192  183  177  173  171  168
  164  157  148  137  125  112  102   93   87   83   82   81   80   78   75   70
   63   57   52   47   45   44   45   47   48   49   48   48   48   49   51   53
   54   54   51   47   43   40   42   50   64   83  106  129  150  167  180  190
  199  210  221  235  249  262  272  277  275
    50.0-180.0 180.0   5.0 450.0                            LAT/LON1/LON2/DLON/H
  292  292  287  278  268  258  249  238  226  211  197  187  181  180  180  178
  174  165  154  141  128  116  106   99   94   91   90   90   88   86   83   78
   74   70   66   64   63   62   63   63   63   62   60   58   57   56   57   59
   61   61   59   57   53   52   54   62   75   94  116  139  158  174  187  196
  204  213  224  237  251  265  277  287  292
    47.5-180.0 180.0   5.0 450.0                            LAT/LON1/LON2/DLON/H
  311  319  322  320  314  305  292  276  256  233  213  199  191  189  189  185
  178  166  153  139  128  118  111  106  103  101   99   97   94   90   86   83
   80   79   79   79   80   80   79   78   77   75   72   69   66   65   66   68
   70   72   72   71   69   69   71   79   91  109  130  150  168  182  193  201
  208  217  227  239  253  268  283  298  311
    45.0-180.0 180.0   5.0 450.0                            LAT/LON1/LON2/DLON/H
  326  343  354  360  359  352  338  318  292  263  238  219  209  204  200  192
  180  164  149  136  127  121  118  115  113  110  106  102   96   91   86   82
   81   82   85   89   92   93   92   90   88   85   82   79   76   75   76   78
   81   84   87   88   88   89   92   99  111  128  147  165  181  193  201  208
  214  222  231  243  255  270  287  306  326
    42.5-180.0 180.0   5.0 450.0                            LAT/LON1/LON2/DLON/H
  334  357  375  387  391  387  375  355  327  295  266  245  232  225  216  202
  184  165  148  136  130  127  127  126  123  119  112  105   98   90   84   79
   78   81   87   93   98  100   99   98   95   93   91   88   87   86   86   88
   92   96  101  104  106  108  112  119  132  149  168  185  198  207  213  218
  223  229  238  248  259  273  290  311  334
    40.0-180.0 180.0   5.0 450.0                            LAT/LON1/LON2/DLON/H
  335  359  380  396  403  403  395  377  351  321  293  273  260  250  237  218
  195  173  156  144  139  138  138  136  133  126  118  110  102   93   85   79
   77   79   86   94  100  103  103  101  100   99   99   98   97   96   96   97
  100  105  111  116  119  122  127  136  151  170  189  206  218  225  228  231
  234  239  247  255  265  276  291  311  335
    37.5-180.0 180.0   5.0 450.0                            LAT/LON1/LON2/DLON/H
  332  353  373  388  397  400  395  382  362  337  314  297  286  276  261  240
  216  192  174  161  154  150  148  145  140  132  125  118  112  105   96   88
   83   83   88   96  102  104  105  104  104  106  107  108  107  106  104  103
  104  108  114  119  123  127  134  146  165  187  209  226  238  243  245  246
  249  253  259  267  275  284  296  312  332
    35.0-180.0 180.0   5.0 450.0                            LAT/LON1/LON2/DLON/H
  333  348  363  375  382  385  383  374  359  341  324  314  308  300  287  267
  243  221  201  184  171  161  154  149  144  138  135  133  133  130  122  111
  101   97   99  103  108  109  109  109  110  114  117  118  117  113  109  105
  103  105  109  114  118  123  132  148  171  198  224  243  255  260  262  264
  266  271  277  284  292  300  308  319  333
    32.5-180.0 180.0   5.0 450.0                            LAT/LON1/LON2/DLON/H
  349  356  364  371  374  374  370  362  351  338  328  324  323  320  310  294
  274  253  231  206  183  165  154  149  147  147  151  158  167  170  163  150
  135  124  120  120  121  120  118  118  119  123  126  127  125  118  110  102
   97   96   98  102  106  112  123  143  172  204  233  254  267  274  278  283
  288  295  302  311  320  328  335  342  349
    30.0-180.0 180.0   5.0 450.0                            LAT/LON1/LON2/DLON/H
  387  389  391  392  391  385  376  364  350  339  332  331  334  334  328  317
  303  283  256  222  187  160  148  147  153  162  177  195  213  223  218  202
  180  162  151  145  141  137  132  130  130  132  135  134  129  120  109   97
   88   84   84   87   91   98  112  137  171  207  239  261  275  285  294  304
  315  326  337  349  361  372  380  385  387
    27.5-180.0 180.0   5.0 450.0                            LAT/LON1/LON2/DLON/H
  451  450  451  450  445  433  414  392  371  354  345  343  345  346  342  335
  325  306  273  227  180  149  141  150  169  190  214  243  269  283  279  258
  231  206  187  174  165  156  149  144  141  141  140  137  130  119  106   92
   80   73   72   74   79   87  104  133  171  210  243  265  281  294  310  329
  348  365  381  397  414  431  444  450  451
    25.0-180.0 180.0   5.0 450.0                            LAT/LON1/LON2/DLON/H
  536  539  543  545  540  522  492  456  421  393  376  368  364  360  354  348
  340  319  279  223  169  139  142  167  201  233  264  297  326  341  334  310
  277  246  221  202  188  176  165  157  151  147  143  137  128  117  103   88
   75   67   65   67   72   83  103  135  177  218  250  271  288  306  330  359
  388  413  434  454  477  500  520  531  536
    22.5-180.0 180.0   5.0 450.0                            LAT/LON1/LON2/DLON/H
  631  642  655  666  665  645  604  552  501  459  430  411  397  383  371  362
  351  328  281  218  163  142  162  207  254  292  322  351  376  386  375  346
  310  275  246  223  204  190  178  167  158  150  142  134  125  114  102   89
   76   68   65   68   74   87  110  146  190  231  262  282  299  322  355  395
  433  465  491  514  541  572  599  619  631
    20.0-180.0 180.0   5.0 450.0                            LAT/LON1/LON2/DLON/H
  720  741  767  791  800  780  732  667  601  546  505  475  448  422  398  382
  366  338  287  222  173  168  209  273  328  362  381  396  408  409  392  361
  325  290  259  233  212  197  185  174  163  151  141  131  123  114  105   94
   83   75   72   75   83   98  125  164  209  250  280  299  317  345  386  435
  481  519  547  571  601  636  671  699  720
    17.5-180.0 180.0   5.0 450.0                            LAT/LON1/LON2/DLON/H
  787  818  857  896  917  903  853  780  705  641  593  554  516  477  441  414
  392  360  308  248  211  226  287  363  415  434  430  423  417  406  385  355
  322  290  260  233  212  198  188  178  166  154  142  132  124  118  112  104
   94   86   83   86   95  113  143  184  231  272  301  320  341  374  420  475
  527  568  596  619  647  684  723  758  787
    15.0-180.0 180.0   5.0 450.0                            LAT/LON1/LON2/DLON/H
  821  858  907  959  992  987  940  868  792  729  681  640  596  546  499  462
  434  401  352  301  281  314  390  465  503  493  458  424  398  377  355  331
  308  283  256  229  208  196  190  183  172  159  147  137  130  126  122  116
  107   98   94   96  107  127  159  204  252  293  322  343  367  404  454  511
  565  606  632  652  676  711  751  788  821
    12.5-180.0 180.0   5.0 450.0                            LAT/LON1/LON2/DLON/H
  820  858  910  969 1011 1016  978  914  847  792  753  718  675  622  567  524
  493  461  419  382  378  424  502  564  572  526  456  395  355  330  313  302
  292  277  253  226  205  196  193  190  181  169  158  148  142  138  135  129
  119  108  102  103  114  136  171  217  266  308  339  363  391  430  481  538
  590  630  654  669  688  718  754  789  820
    10.0-180.0 180.0   5.0 450.0                            LAT/LON1/LON2/DLON/H
  793  825  872  931  977  990  964  913  860  823  800  778  744  694  639  593
  562  534  503  479  487  537  603  638  608  522  421  341  294  274  271  278
  286  281  260  232  210  202  202  201  194  184  174  165  158  153  148  140
  128  114  105  106  117  140  177  224  273  316  348  375  408  449  499  551
  600  637  659  672  686  709  740  768  793
     7.5-180.0 180.0   5.0 450.0                            LAT/LON1/LON2/DLON/H
  755  775  812  862  906  923  908  872  838  820  817  813  794  753  703  660
  631  611  590  576  588  630  672  670  599  479  357  270  230  225  243  272
  297  302  282  250  224  215  215  215  209  200  192  184  176  168  160  149
  133  117  106  105  117  141  178  225  273  315  348  379  415  457  503  550
  594  630  653  665  676  694  718  739  755
     5.0-180.0 180.0   5.0 450.0                            LAT/LON1/LON2/DLON/H
  722  730  751  788  824  842  834  812  795  795  810  824  820  792  751  714
  691  677  664  655  663  685  695  653  547  405  278  201  179  197  238  289
  329  340  318  280  248  234  232  230  223  216  209  202  193  182  171  156
  137  118  105  104  117  142  179  224  270  309  342  374  412  454  496  537
  576  612  638  654  666  681  700  715  722
     2.5-180.0 180.0   5.0 450.0                            LAT/LON1/LON2/DLON/H
  708  705  713  735  760  774  770  758  752  764  790  817  826  810  779  750
  732  723  712  701  696  693  668  592  463  318  204  151  156  199  262  328
  377  389  362  315  276  256  248  242  233  226  221  216  206  193  179  161
  140  119  106  106  119  145  182  225  266  301  331  363  401  442  480  514
  551  588  621  643  659  676  695  706  708
