interface/IONEXdata/CODG0380.22I
     1.0            IONOSPHERE MAPS     GNSS                IONEX VERSION / TYPE
ADDNEQ2 V5.3        AIUB                11-FEB-22 20:48     PGM / RUN BY / DATE 
CODE'S GLOBAL IONOSPHERE MAPS FOR DAY 038, 2022             COMMENT             
Global ionosphere maps (GIM) are generated on a daily basis DESCRIPTION         
at CODE using data from about 300 GNSS sites of the IGS and DESCRIPTION         
other institutions. The vertical total electron content     DESCRIPTION         
(VTEC) is modeled in a solar-geomagnetic reference frame    DESCRIPTION         
using a spherical harmonics expansion up to degree and      DESCRIPTION         
order 15. Piece-wise linear functions are used for          DESCRIPTION         
representation in the time domain. The time spacing of      DESCRIPTION         
their vertices is 1 hour, conforming with the epochs of the DESCRIPTION         
VTEC maps.                                                  DESCRIPTION         
To convert line-of-sight TEC into vertical TEC, a modified  DESCRIPTION         
single-layer model mapping function approximating the JPL   DESCRIPTION         
extended slab model mapping function is adopted. The        DESCRIPTION         
mapping function is evaluated at geodetic satellite         DESCRIPTION         
elevation angles. For the computation of the ionospheric    DESCRIPTION         
pierce points, a spherical layer with a radius of 6821 km   DESCRIPTION         
is assumed, implying geocentric, not geodetic IONEX         DESCRIPTION         
latitudes.                                                  DESCRIPTION         
Instrumental biases with respect to each involved GNSS code DESCRIPTION         
observable are estimated as constant values for each        DESCRIPTION         
day. They are modeled with one set of bias parameters for   DESCRIPTION         
each satellite and each station in case of GPS and for each DESCRIPTION         
satellite-station link in case of GLONASS. The code bias    DESCRIPTION         
datum is defined by zero-mean conditions imposed on the     DESCRIPTION         
satellite bias estimates. In this file, just GPS C1W-C2W    DESCRIPTION         
satellite and station bias values are included. The         DESCRIPTION         
complete set of GNSS code bias results is provided in an    DESCRIPTION         
additional Bias-SINEX file as pseudo-absolute values        DESCRIPTION         
specific to each observable.                                DESCRIPTION         
Note: These GIM results correspond to the results for the   DESCRIPTION         
middle day of a 3-day combination analysis solving for 73   DESCRIPTION         
times 256, or 18688 VTEC parameters and 3 daily sets of     DESCRIPTION         
GNSS code bias parameters.                                  DESCRIPTION         
Contact address: code(at)aiub.unibe.ch                      DESCRIPTION         
Data archive:    ftp.aiub.unibe.ch/CODE/                    DESCRIPTION         
                 www.aiub.unibe.ch/download/CODE/           DESCRIPTION         
  2022     2     7     0     0     0                        EPOCH OF FIRST MAP  
  2022     2     8     0     0     0                        EPOCH OF LAST MAP   
  3600                                                      INTERVAL            
[...]
bako barh bjfs bndy bogo bogt bor1 braz brst brux bshm cags COMMENT             
cas1 ccj2 cedu chpg chpi chti chur ckis cnmr coco cord cpvg COMMENT             
cro1 daej darw dav1 dgar dhlg drao dubo ebre faa1 fair flin COMMENT             
frdn ftna func ganp glps glsv gode godz gol2 gold gope gras COMMENT             
graz guug harb hers hert hlfx hnlc hnpt hob2 hofn holb hrao COMMENT             
hyde ieng iisc invk iqal irkj isba joz2 joze karr kerg kir0 COMMENT             
kiru kit3 kokb kokv koug kour krgg laut lmmf lpal lpgs m0se COMMENT             
mac1 madr mal2 mana mas1 mat1 mate maui maw1 mcil mcm4 mdo1 COMMENT             
mdvj medi mets mgue mizu mkea mobj mobs monp morp mqzg mro1 COMMENT             
mtka nano nico nist nklg nlib nnor not1 nrc1 ntus nya1 nyal COMMENT             
onsa opmt ous2 pado parc park pdel penc pie1 pimo pohn pol2 COMMENT             
polv pots pove prds ptbb qaq1 quin rabt ramo reun reyk rgdg COMMENT             
rio2 riop salu samo sant savo sch2 scor scrz sctb scub seyg COMMENT             
sofi spt0 sthl stjo stk2 str2 suth sutm suwn sydn syog tabl COMMENT             
tabv tash tehn thtg thti thu2 tid1 tidb tixg tlse tow2 tro1 COMMENT             
tsea tskb tuva twtf uclu ufpr ulab unb3 unbj unbn unsa urum COMMENT             
usud vald vill voim wab2 wark wes2 wgtn whit will wind wsrt COMMENT             
wuhn xmis yakt yar2 yar3 yarr yell ykro yssk zamb zeck zim2 COMMENT             
zim3 zimm                                                   COMMENT             
                                                            END OF HEADER       
[from data line 9867]
    24                                                      START OF TEC MAP    
  2022     2     7    23     0     0                        EPOCH OF CURRENT MAP
    87.5-180.0 180.0   5.0 450.0                            LAT/LON1/LON2/DLON/H
   48   49   50   51   52   52   53   54   54   55   55   55   55   55   55   55
   55   54   53   52   52   50   49   48   47   45   44   43   41   40   38   37
   36   35   34   33   32   31   31   30   30   30   30   30   30   31   31   32
   32   33   33   34   35   35   36   37   37   38   39   39   40   41   41   42
   43   43   44   45   45   46   47   48   48
    85.0-180.0 180.0   5.0 450.0                            LAT/LON1/LON2/DLON/H
   52   53   55   57   59   61   62   64   66   68   69   70   71   72   72   72
   71   71   69   68   66   64   61   58   55   52   49   46   43   40   37   34
   32   29   27   25   24   23   22   21   21   21   22   23   23   25   26   27
   29   30   32   33   34   36   37   38   39   40   40   41   41   42   43   43
   44   44   45   46   47   48   49   50   52
    82.5-180.0 180.0   5.0 450.0                            LAT/LON1/LON2/DLON/H
   52   54   57   60   63   66   69   73   76   79   82   85   87   88   89   89
   89   88   86   84   81   78   74   70   66   62   57   52   48   43   39   35
   31   28   25   23   21   19   18   18   18   18   19   21   23   25   27   29
   31   34   36   38   40   41   42   43   44   44   45   45   44   44   44   44
   44   44   44   45   46   47   48   50   52
    80.0-180.0 180.0   5.0 450.0                            LAT/LON1/LON2/DLON/H
   53   56   59   62   66   71   75   80   84   89   93   97  100  102  103  103
  103  102   99   97   93   90   86   81   76   71   66   61   56   51   46   41
   37   33   30   27   24   23   21   21   21   22   23   25   28   30   33   36
   39   41   44   46   48   49   50   50   50   50   49   48   47   46   45   44
   43   43   44   44   45   47   49   51   53
    77.5-180.0 180.0   5.0 450.0                            LAT/LON1/LON2/DLON/H
   58   61   64   68   72   77   82   87   93   98  103  107  110  112  113  112
  111  109  106  103  100   96   92   88   84   79   75   70   66   61   57   52
   48   44   40   37   35   33   31   31   31   31   33   35   37   39   42   45
   47   50   52   54   55   56   56   55   54   53   51   49   47   45   44   43
   43   43   44   46   48   50   53   56   58
    75.0-180.0 180.0   5.0 450.0                            LAT/LON1/LON2/DLON/H
   70   73   76   79   82   87   91   97  103  108  113  116  118  119  118  116
  113  109  106  102   99   96   93   90   87   84   81   78   75   72   68   64
   61   57   54   51   48   46   45   44   43   43   44   46   47   49   51   53
   55   56   57   58   58   58   58   56   54   52   50   47   45   43   41   41
   42   44   47   51   55   59   63   67   70
    72.5-180.0 180.0   5.0 450.0                            LAT/LON1/LON2/DLON/H
   89   91   93   95   97  100  104  109  115  120  124  126  126  123  119  114
  109  103   98   94   91   89   88   87   86   85   83   82   80   78   76   74
   71   69   66   63   60   58   56   55   54   53   54   54   55   56   57   58
   58   58   58   57   57   56   54   53   50   48   45   42   40   39   38   39
   42   47   52   59   66   73   80   85   89
    70.0-180.0 180.0   5.0 450.0                            LAT/LON1/LON2/DLON/H
  110  113  113  114  114  116  119  124  129  133  136  136  133  128  120  111
  102   94   88   83   80   79   79   79   80   80   80   80   79   79   78   76
   75   73   71   68   66   63   61   60   59   58   58   58   58   58   58   57
   56   54   53   51   50   48   46   45   43   41   38   36   35   34   35   38
   43   50   59   69   80   90   99  106  110
    67.5-180.0 180.0   5.0 450.0                            LAT/LON1/LON2/DLON/H
  130  132  132  130  129  130  133  138  143  147  149  148  142  133  121  108
   96   86   78   73   71   70   70   71   71   72   72   71   71   71   70   70
   69   68   66   64   62   60   58   57   56   56   56   56   56   55   54   52
   49   46   43   41   38   37   35   34   33   32   31   31   31   32   34   39
   46   55   66   79   92  105  117  125  130
    65.0-180.0 180.0   5.0 450.0                            LAT/LON1/LON2/DLON/H
  144  146  144  142  140  140  142  148  154  159  161  158  151  139  124  109
   95   83   75   69   66   65   64   63   62   61   59   58   57   56   56   55
   55   54   53   52   50   49   48   47   47   47   48   49   49   48   46   43
   39   35   32   28   26   25   24   24   24   25   25   27   28   31   35   41
   49   60   72   86  101  116  128  138  144
    62.5-180.0 180.0   5.0 450.0                            LAT/LON1/LON2/DLON/H
  149  151  149  146  143  143  146  152  160  166  169  167  159  146  130  114
  100   88   79   73   69   65   62   58   54   50   46   42   40   38   38   37
   37   37   36   35   34   33   33   34   35   36   38   39   40   39   37   33
   29   25   21   18   16   15   15   16   17   19   22   25   29   34   39   47
   55   65   77   90  105  119  132  143  149
    60.0-180.0 180.0   5.0 450.0                            LAT/LON1/LON2/DLON/H
  146  149  148  144  141  141  144  151  160  168  172  171  164  152  138  124
  111  100   92   85   78   72   65   57   49   41   35   29   26   23   22   21
   21   21   20   20   20   20   20   22   24   27   29   32   32   32   29   26
   22   18   14   12   10    9   10   12   14   17   21   26   32   38   46   54
   63   72   81   92  104  117  129  139  146
    57.5-180.0 180.0   5.0 450.0                            LAT/LON1/LON2/DLON/H
  141  145  145  142  139  139  142  148  157  165  170  170  165  156  146  136
  126  118  110  102   93   82   71   59   48   38   29   23   19   16   14   13
   13   12   12   12   11   12   13   16   19   22   26   28   29   28   26   23
   20   16   14   12   11   10   11   13   15   18   22   28   36   45   54   64
   72   79   86   93  101  111  122  133  141
    55.0-180.0 180.0   5.0 450.0                            LAT/LON1/LON2/DLON/H
  138  144  146  145  143  141  143  147  154  160  164  165  163  158  153  148
  142  136  129  119  108   94   79   65   51   40   32   25   21   19   17   16
   15   14   13   13   13   13   15   18   21   25   28   31   31   30   28   25
   23   21   19   18   18   18   18   19   20   22   26   32   41   51   63   74
   82   88   92   96  101  108  118  128  138
    52.5-180.0 180.0   5.0 450.0                            LAT/LON1/LON2/DLON/H
  142  151  157  158  156  154  153  153  155  158  159  159  159  159  158  158
  156  152  145  134  120  104   88   73   59   49   42   37   34   32   31   29
   27   25   23   23   23   23   25   27   30   34   37   39   39   37   35   32
   31   30   31   31   31   31   30   29   28   29   31   36   45   57   70   83
   92   98  101  102  105  110  119  131  142
    50.0-180.0 180.0   5.0 450.0                            LAT/LON1/LON2/DLON/H
  155  168  177  181  181  178  173  169  164  160  158  156  156  159  162  165
  165  162  154  142  128  111   96   82   71   63   57   54   53   51   49   47
   44   41   39   38   38   39   40   42   44   47   50   51   50   48   45   43
   43   44   45   47   47   47   45   42   39   37   37   41   50   62   76   90
  101  107  110  111  114  119  128  141  155
    47.5-180.0 180.0   5.0 450.0                            LAT/LON1/LON2/DLON/H
  175  191  203  211  213  209  202  192  181  171  162  158  157  160  165  169
  170  166  158  145  131  117  103   93   84   78   75   73   71   69   67   63
   60   56   54   53   54   55   56   57   59   61   63   64   63   60   57   56
   56   58   61   63   64   63   60   55   50   45   44   46   54   66   81   95
  107  115  120  123  127  133  144  159  175
    45.0-180.0 180.0   5.0 450.0                            LAT/LON1/LON2/DLON/H
  195  212  228  239  243  242  233  220  203  187  173  165  163  165  169  172
  172  166  157  145  133  122  112  104   98   93   89   86   83   80   77   73
   69   66   64   65   66   67   68   69   71   72   74   75   74   72   69   68
   69   72   75   78   78   76   72   66   60   54   51   52   59   71   85   99
  111  121  128  134  141  150  162  177  195
    42.5-180.0 180.0   5.0 450.0                            LAT/LON1/LON2/DLON/H
  208  225  242  256  264  265  258  244  225  205  188  177  173  174  175  176
  172  165  156  146  137  129  123  117  111  104   97   91   85   80   76   73
   70   68   68   70   72   75   77   78   79   80   83   84   84   82   80   79
   80   82   85   87   87   85   80   74   67   61   58   59   66   77   90  102
  114  124  134  144  154  165  178  192  208
    40.0-180.0 180.0   5.0 450.0                            LAT/LON1/LON2/DLON/H
  210  225  241  256  267  272  269  258  241  221  203  192  186  184  184  181
  175  168  160  152  146  141  136  129  120  109   98   87   78   71   68   66
   65   66   67   70   74   79   81   83   84   85   88   90   91   90   88   86
   87   89   91   92   91   88   84   78   71   66   63   66   73   84   96  107
  117  126  138  150  164  176  187  198  210
    37.5-180.0 180.0   5.0 450.0                            LAT/LON1/LON2/DLON/H
  202  211  224  238  251  260  263  258  245  229  214  204  199  196  193  188
  182  175  169  165  162  157  149  138  124  108   91   77   65   59   57   59
   61   63   66   70   75   81   85   86   87   89   92   95   96   95   93   91
   90   91   91   91   89   86   82   77   71   68   67   72   81   93  104  113
  121  130  141  155  170  181  189  195  202
    35.0-180.0 180.0   5.0 450.0                            LAT/LON1/LON2/DLON/H
  188  191  199  209  221  233  242  244  238  228  218  211  208  205  202  197
  192  189  186  184  181  173  161  145  125  104   84   67   56   52   54   59
   64   68   70   74   79   85   90   92   93   94   97   99  100   98   95   92
   90   89   87   86   83   81   77   73   69   67   69   76   88  102  114  122
  128  135  147  161  175  184  188  188  188
    32.5-180.0 180.0   5.0 450.0                            LAT/LON1/LON2/DLON/H
  178  176  178  183  191  202  214  222  224  221  216  212  211  211  209  207
  206  206  207  205  200  187  169  147  123  100   81   67   59   59   65   75
   82   84   84   85   88   94   99  101  102  102  103  104  103  100   96   91
   87   84   81   79   76   74   71   68   65   64   68   79   94  110  124  133
  139  146  157  171  184  190  189  184  178
    30.0-180.0 180.0   5.0 450.0                            LAT/LON1/LON2/DLON/H
  184  179  176  173  174  181  192  203  210  211  209  209  210  212  214  216
  219  223  226  224  214  195  171  145  122  103   90   82   80   86   97  108
  115  114  108  103  103  107  112  114  114  113  112  111  107  101   95   88
   83   79   75   72   70   68   66   63   61   61   67   79   97  117  134  146
  153  161  173  187  199  203  200  192  184
    27.5-180.0 180.0   5.0 450.0                            LAT/LON1/LON2/DLON/H
  214  210  204  194  185  184  190  199  206  207  206  205  207  211  216  222
  230  237  240  234  219  196  169  144  126  116  113  115  122  132  146  157
  160  152  138  125  120  122  126  129  128  126  122  118  111  102   93   85
   80   75   71   67   66   65   63   61   59   59   66   79   99  122  143  159
  170  181  195  211  223  227  224  218  214
    25.0-180.0 180.0   5.0 450.0                            LAT/LON1/LON2/DLON/H
  267  270  265  249  230  218  215  218  220  216  210  207  207  211  217  226
  236  243  244  235  215  190  165  147  139  142  152  164  177  191  204  211
  207  191  167  147  136  135  139  142  141  138  133  125  115  103   92   83
   78   73   69   66   65   65   64   62   59   60   66   81  102  127  151  172
  188  204  222  241  255  261  262  263  267
    22.5-180.0 180.0   5.0 450.0                            LAT/LON1/LON2/DLON/H
  339  353  353  334  306  282  269  263  256  243  229  218  214  216  221  229
  237  242  239  226  206  183  165  158  164  180  201  220  236  249  258  258
  246  221  190  162  147  145  148  151  151  147  141  131  119  105   92   84
   78   75   71   69   68   68   67   65   63   64   71   85  106  132  159  184
  206  228  251  274  292  302  310  322  339
    20.0-180.0 180.0   5.0 450.0                            LAT/LON1/LON2/DLON/H
  417  445  453  435  401  369  346  330  311  287  262  243  232  228  229  233
  236  235  228  214  197  182  176  183  201  226  252  273  286  294  295  288
  268  236  200  170  153  149  152  156  156  153  146  136  122  108   95   87
   82   80   77   75   74   74   72   70   69   71   79   93  114  140  168  196
  223  250  279  307  329  344  360  384  417
    17.5-180.0 180.0   5.0 450.0                            LAT/LON1/LON2/DLON/H
  485  527  545  531  497  461  432  408  379  344  308  280  262  251  245  240
  235  228  218  206  197  195  203  220  245  273  296  311  316  315  308  294
  269  235  199  170  155  151  154  156  157  154  149  139  126  112  100   93
   90   88   86   84   82   80   78   76   75   80   90  105  126  152  180  208
  238  269  302  334  360  381  403  438  485
    15.0-180.0 180.0   5.0 450.0                            LAT/LON1/LON2/DLON/H
  530  583  610  604  574  540  511  484  448  405  361  326  301  284  268  253
  239  226  214  208  211  224  245  269  293  312  324  326  320  310  296  277
  251  221  191  168  157  154  156  156  156  154  150  142  130  118  108  103
  100   99   97   93   90   86   83   80   82   89  102  121  142  167  193  221
  251  284  320  355  384  407  433  475  530
    12.5-180.0 180.0   5.0 450.0                            LAT/LON1/LON2/DLON/H
  548  605  639  640  619  594  571  545  508  461  414  375  347  323  299  274
  251  233  224  227  244  271  300  323  337  339  332  318  300  282  264  246
  225  203  184  171  166  164  162  159  156  153  150  144  135  126  118  114
  112  111  107  102   97   92   87   84   86   97  115  136  160  184  209  235
  263  296  333  369  398  421  447  489  548
    10.0-180.0 180.0   5.0 450.0                            LAT/LON1/LON2/DLON/H
  538  593  629  637  628  615  604  585  551  506  460  423  394  366  335  301
  271  252  249  263  294  330  361  375  370  350  322  292  266  245  228  214
  202  192  186  185  185  182  175  166  159  154  152  148  141  134  129  126
  124  121  116  110  103   96   90   87   90  103  125  151  176  200  223  247
  273  305  340  376  404  425  447  485  538
     7.5-180.0 180.0   5.0 450.0                            LAT/LON1/LON2/DLON/H
  512  558  591  604  607  609  611  603  576  536  496  464  438  410  373  334
  302  285  288  313  353  394  419  417  390  347  300  260  231  212  202  196
  193  195  202  211  214  208  194  178  165  158  155  152  147  142  138  136
  134  130  123  115  108  100   93   89   93  108  132  161  188  213  235  256
  280  309  344  378  405  422  440  468  512
     5.0-180.0 180.0   5.0 450.0                            LAT/LON1/LON2/DLON/H
  482  516  542  558  570  586  601  604  585  554  522  498  478  450  413  372
  340  327  338  371  414  452  465  445  396  335  277  234  210  200  197  199
  205  216  232  245  249  238  216  192  174  164  159  156  153  149  146  144
  140  134  127  119  111  104   98   93   97  111  137  166  195  219  240  260
  282  310  343  376  402  419  432  451  482
     2.5-180.0 180.0   5.0 450.0                            LAT/LON1/LON2/DLON/H
  463  485  503  518  536  562  588  598  588  565  542  527  512  487  451  412
  383  376  392  427  468  496  494  457  393  322  264  228  213  214  219  226
  235  249  268  281  281  264  235  206  183  170  164  160  157  154  151  147
  142  135  127  120  114  108  103   99  102  115  139  168  195  217  237  256
  278  305  338  371  399  417  429  443  463
