interface/IONEXdata/CODG0380.22I
     1.0            IONOSPHERE MAPS     GNSS                IONEX VERSION / TYPE
ADDNEQ2 V5.3        AIUB                11-FEB-22 20:48     PGM / RUN BY / DATE 
CODE'S GLOBAL IONOSPHERE MAPS FOR DAY 038, 2022             COMMENT             
Global ionosphere maps (GIM) are generated on a daily basis DESCRIPTION         
at CODE using data from about 300 GNSS sites of the IGS and DESCRIPTION         
other institutions. The vertical total electron content     DESCRIPTION         
(VTEC) is modeled in a solar-geomagnetic reference frame    DESCRIPTION         
using a spherical harmonics expansion up to degree and      DESCRIPTION         
order 15. Piece-wise linear functions are used for          DESCRIPTION         
representation in the time domain. The time spacing of      DESCRIPTION         
their vertices is 1 hour, conforming with the epochs of the DESCRIPTION         
VTEC maps.                                                  DESCRIPTION         
To convert line-of-sight TEC into vertical TEC, a modified  DESCRIPTION         
single-layer model mapping function approximating the JPL   DESCRIPTION         
extended slab model mapping function is adopted. The        DESCRIPTION         
mapping function is evaluated at geodetic satellite         DESCRIPTION         
elevation angles. For the computation of the ionospheric    DESCRIPTION         
pierce points, a spherical layer with a radius of 6821 km   DESCRIPTION         
is assumed, implying geocentric, not geodetic IONEX         DESCRIPTION         
latitudes.                                                  DESCRIPTION         
Instrumental biases with respect to each involved GNSS code DESCRIPTION         
observable are estimated as constant values for each        DESCRIPTION         
day. They are modeled with one set of bias parameters for   DESCRIPTION         
each satellite and each station in case of GPS and for each DESCRIPTION         
satellite-station link in case of GLONASS. The code bias    DESCRIPTION         
datum is defined by zero-mean conditions imposed on the     DESCRIPTION         
satellite bias estimates. In this file, just GPS C1W-C2W    DESCRIPTION         
satellite and station bias values are included. The         DESCRIPTION         
complete set of GNSS code bias results is provided in an    DESCRIPTION         
additional Bias-SINEX file as pseudo-absolute values        DESCRIPTION         
specific to each observable.                                DESCRIPTION         
Note: These GIM results correspond to the results for the   DESCRIPTION         
middle day of a 3-day combination analysis solving for 73   DESCRIPTION         
times 256, or 18688 VTEC parameters and 3 daily sets of     DESCRIPTION         
GNSS code bias parameters.                                  DESCRIPTION         
Contact address: code(at)aiub.unibe.ch                      DESCRIPTION         
Data archive:    ftp.aiub.unibe.ch/CODE/                    DESCRIPTION         
                 www.aiub.unibe.ch/download/CODE/           DESCRIPTION         
  2022     2     7     0     0     0                        EPOCH OF FIRST MAP  
  2022     2     8     0     0     0                        EPOCH OF LAST MAP   
  3600                                                      INTERVAL            
[...]
bako barh bjfs bndy bogo bogt bor1 braz brst brux bshm cags COMMENT             
cas1 ccj2 cedu chpg chpi chti chur ckis cnmr coco cord cpvg COMMENT             
cro1 daej darw dav1 dgar dhlg drao dubo ebre faa1 fair flin COMMENT             
frdn ftna func ganp glps glsv gode godz gol2 gold gope gras COMMENT             
graz guug harb hers hert hlfx hnlc hnpt hob2 hofn holb hrao COMMENT             
hyde ieng iisc invk iqal irkj isba joz2 joze karr kerg kir0 COMMENT             
kiru kit3 kokb kokv koug kour krgg laut lmmf lpal lpgs m0se COMMENT             
mac1 madr mal2 mana mas1 mat1 mate maui maw1 mcil mcm4 mdo1 COMMENT             
mdvj medi mets mgue mizu mkea mobj mobs monp morp mqzg mro1 COMMENT             
mtka nano nico nist nklg nlib nnor not1 nrc1 ntus nya1 nyal COMMENT             
onsa opmt ous2 pado parc park pdel penc pie1 pimo pohn pol2 COMMENT             
polv pots pove prds ptbb qaq1 quin rabt ramo reun reyk rgdg COMMENT             
rio2 riop salu samo sant savo sch2 scor scrz sctb scub seyg COMMENT             
sofi spt0 sthl stjo stk2 str2 suth sutm suwn sydn syog tabl COMMENT             
tabv tash tehn thtg thti thu2 tid1 tidb tixg tlse tow2 tro1 COMMENT             
tsea tskb tuva twtf uclu ufpr ulab unb3 unbj unbn unsa urum COMMENT             
usud vald vill voim wab2 wark wes2 wgtn whit will wind wsrt COMMENT             
wuhn xmis yakt yar2 yar3 yarr yell ykro yssk zamb zeck zim2 COMMENT             
zim3 zimm                                                   COMMENT             
                                                            END OF HEADER       
     1                                                      START OF TEC MAP    
  2022     2     7     0     0     0                        EPOCH OF CURRENT MAP
    87.5-180.0 180.0   5.0 450.0                            LAT/LON1/LON2/DLON/H
   32   32   33   33   34   34   35   35   36   36   37   37   37   37   38   38
   37   37   37   36   36   35   35   34   33   32   31   30   29   28   27   27
   26   25   25   24   24   23   23   23   23   23   23   23   23   24   24   24
   24   25   25   25   25   26   26   26   26   27   27   27   27   27   28   28
   28   29   29   29   30   30   31   31   32
    85.0-180.0 180.0   5.0 450.0                            LAT/LON1/LON2/DLON/H
   36   37   38   39   41   42   43   44   46   47   48   50   51   51   52   52
   53   52   52   51   50   48   47   45   42   40   37   35   32   29   27   25
   23   21   20   19   18   18   18   18   19   20   20   21   22   23   24   25
   26   27   27   28   28   28   29   29   29   29   29   29   29   29   30   30
   30   31   31   32   32   33   34   35   36
    82.5-180.0 180.0   5.0 450.0                            LAT/LON1/LON2/DLON/H
   43   45   46   48   49   51   53   55   57   59   61   63   65   67   69   70
   70   71   70   69   68   65   63   59   55   51   46   41   36   31   27   23
   20   18   16   15   14   14   15   16   18   19   21   23   25   27   29   30
   31   32   33   33   33   33   33   33   32   32   32   32   32   32   33   33
   34   35   36   37   38   39   41   42   43
    80.0-180.0 180.0   5.0 450.0                            LAT/LON1/LON2/DLON/H
   56   57   59   61   62   64   66   68   70   72   75   77   79   81   83   85
   86   87   87   86   85   82   79   74   69   63   56   49   42   35   29   24
   19   16   14   12   12   13   15   17   20   22   25   28   30   33   35   36
   37   38   38   38   38   37   36   35   35   34   34   34   34   35   36   37
   39   41   43   46   48   50   52   54   56
    77.5-180.0 180.0   5.0 450.0                            LAT/LON1/LON2/DLON/H
   74   76   77   78   79   80   81   83   84   86   87   89   90   92   93   94
   95   96   97   97   96   95   92   87   81   74   66   58   49   40   33   26
   21   17   15   14   15   16   19   22   25   28   31   34   36   38   40   41
   41   41   41   40   39   38   37   35   34   34   33   34   35   36   39   42
   45   49   53   58   62   66   69   72   74
    75.0-180.0 180.0   5.0 450.0                            LAT/LON1/LON2/DLON/H
   96   98   99   99  100  100  100  100  100  100  100  100   99   97   96   96
   95   96   97   98   99   99   98   95   90   83   75   65   56   47   38   31
   26   22   20   20   21   23   26   29   32   35   37   39   41   42   42   42
   42   41   40   38   37   35   34   32   31   31   31   32   34   37   41   46
   51   58   64   71   78   84   89   93   96
    72.5-180.0 180.0   5.0 450.0                            LAT/LON1/LON2/DLON/H
  119  121  122  121  120  119  119  118  117  116  113  110  105  100   95   90
   87   86   87   89   92   95   96   95   92   87   79   71   61   52   44   38
   33   30   28   28   29   31   33   36   38   40   41   42   42   41   41   40
   38   37   35   34   32   30   29   28   27   28   29   30   33   37   43   49
   57   65   75   84   94  102  110  115  119
    70.0-180.0 180.0   5.0 450.0                            LAT/LON1/LON2/DLON/H
  137  140  140  139  138  136  135  135  134  131  127  121  112  101   91   81
   74   70   70   73   78   83   87   89   88   85   79   71   63   55   48   43
   39   37   36   36   36   38   39   40   41   41   41   40   39   37   35   33
   31   30   28   27   26   25   24   24   24   25   27   30   34   39   45   52
   61   71   82   93  105  116  125  133  137
    67.5-180.0 180.0   5.0 450.0                            LAT/LON1/LON2/DLON/H
  148  150  151  149  148  147  147  147  147  146  141  132  120  105   89   73
   62   54   52   55   60   67   74   78   79   77   73   67   60   54   49   45
   42   41   40   40   40   40   40   40   40   39   38   36   33   30   28   25
   23   22   21   21   20   20   20   20   22   24   28   32   37   42   48   55
   63   73   84   97  110  122  133  142  148
    65.0-180.0 180.0   5.0 450.0                            LAT/LON1/LON2/DLON/H
  149  152  153  151  150  149  150  153  155  156  153  144  130  112   91   72
   55   45   40   41   46   53   59   64   66   64   61   56   51   47   44   42
   41   41   40   39   38   37   36   35   34   33   31   29   26   23   20   17
   16   15   15   16   16   17   18   19   22   26   31   36   42   47   52   58
   65   73   83   95  108  121  133  142  149
    62.5-180.0 180.0   5.0 450.0                            LAT/LON1/LON2/DLON/H
  143  147  148  147  145  145  148  152  157  160  160  154  141  122  100   78
   59   45   38   36   39   43   48   50   51   49   46   42   39   37   36   35
   36   36   35   34   32   30   29   28   27   26   25   23   20   17   14   12
   11   11   12   14   15   16   17   19   23   29   35   42   49   54   58   62
   66   71   79   89  101  113  125  135  143
    60.0-180.0 180.0   5.0 450.0                            LAT/LON1/LON2/DLON/H
  134  139  141  140  139  139  142  147  153  159  162  159  150  134  113   92
   73   58   48   42   41   40   40   39   37   34   31   28   26   25   25   26
   28   28   28   26   24   22   21   20   21   21   21   20   17   14   11    9
    9   10   12   15   16   17   18   20   25   32   40   49   56   62   65   67
   68   71   76   83   93  104  115  125  134
    57.5-180.0 180.0   5.0 450.0                            LAT/LON1/LON2/DLON/H
  127  134  137  138  137  136  137  141  148  154  159  160  154  143  128  110
   93   78   66   57   50   43   38   32   27   23   20   17   16   16   17   19
   20   21   21   20   18   17   16   17   18   20   21   21   18   15   12   10
   10   12   15   18   19   20   20   22   27   35   45   55   64   69   72   73
   73   74   77   82   89   98  108  118  127
    55.0-180.0 180.0   5.0 450.0                            LAT/LON1/LON2/DLON/H
  128  137  142  145  144  142  141  141  144  148  153  155  154  149  140  128
  115  101   88   75   62   50   39   29   23   18   15   14   13   13   14   15
   17   18   18   18   17   17   17   19   22   25   27   26   24   20   16   14
   15   17   21   24   25   24   23   24   29   38   49   61   70   76   79   80
   80   81   83   87   92   99  108  118  128
    52.5-180.0 180.0   5.0 450.0                            LAT/LON1/LON2/DLON/H
  138  149  157  162  162  159  155  150  147  146  147  149  150  150  148  142
  133  121  107   91   74   57   42   31   24   21   19   19   18   17   17   18
   19   20   21   22   22   23   25   28   31   34   36   35   32   28   23   21
   22   25   29   32   32   30   27   27   32   42   54   67   76   82   85   87
   89   92   96   99  104  110  118  127  138
    50.0-180.0 180.0   5.0 450.0                            LAT/LON1/LON2/DLON/H
  155  168  178  186  188  185  178  169  160  151  146  144  145  148  150  149
  143  133  119  102   82   64   48   37   32   31   31   31   30   28   26   26
   26   28   30   32   34   36   38   41   44   47   48   46   42   37   32   30
   31   35   39   42   42   38   34   33   38   48   61   73   83   88   91   95
  100  106  113  118  123  128  134  144  155
    47.5-180.0 180.0   5.0 450.0                            LAT/LON1/LON2/DLON/H
  174  187  199  209  214  213  206  194  179  164  152  145  143  145  149  150
  146  137  123  106   87   69   55   47   45   46   48   48   45   41   37   36
   37   39   42   45   48   51   54   57   59   61   61   58   53   48   43   41
   42   46   51   53   53   48   43   42   46   57   70   82   90   94   98  103
  111  122  132  139  144  149  154  163  174
    45.0-180.0 180.0   5.0 450.0                            LAT/LON1/LON2/DLON/H
  188  200  212  223  231  233  229  218  202  183  165  152  146  146  148  149
  145  135  121  106   89   75   64   59   60   63   65   63   57   51   47   46
   47   50   54   58   62   66   68   70   72   73   72   69   64   58   54   52
   54   58   62   65   64   59   54   52   57   68   82   93  100  102  105  111
  123  137  149  159  164  168  173  179  188
    42.5-180.0 180.0   5.0 450.0                            LAT/LON1/LON2/DLON/H
  195  202  211  222  231  238  239  233  220  201  181  165  155  152  152  150
  143  132  119  106   94   83   75   72   73   76   75   70   62   55   51   51
   54   58   63   68   72   76   78   80   82   82   81   78   74   69   66   64
   66   69   73   75   74   69   64   62   68   81   95  106  111  112  113  120
  133  148  163  173  178  182  185  189  195
    40.0-180.0 180.0   5.0 450.0                            LAT/LON1/LON2/DLON/H
  192  193  197  204  213  223  230  232  227  214  196  180  169  163  161  155
  146  134  122  112  103   95   88   84   83   81   77   68   57   50   49   52
   57   62   67   72   77   81   83   86   88   89   89   86   83   79   76   76
   76   78   81   82   80   75   70   70   77   92  108  119  124  123  122  128
  141  157  171  180  185  188  190  192  192
    37.5-180.0 180.0   5.0 450.0                            LAT/LON1/LON2/DLON/H
  186  180  175  176  182  193  205  215  219  215  204  191  182  177  173  167
  155  142  132  125  118  110  100   91   84   77   68   55   44   39   41   49
   56   62   67   72   77   81   85   88   91   94   95   93   90   87   85   84
   84   84   84   84   81   76   72   73   82   99  117  130  135  133  132  137
  148  163  174  181  186  189  191  191  186
    35.0-180.0 180.0   5.0 450.0                            LAT/LON1/LON2/DLON/H
  184  170  158  151  152  160  174  188  200  204  202  196  191  189  187  181
  169  157  147  142  135  124  108   92   78   66   53   38   29   28   35   47
   56   61   66   71   76   81   85   89   94   99  101   99   96   93   91   90
   87   85   83   80   77   73   69   70   81  100  122  138  144  143  141  145
  155  166  175  180  184  189  193  193  184
    32.5-180.0 180.0   5.0 450.0                            LAT/LON1/LON2/DLON/H
  196  178  159  145  140  142  150  163  177  188  191  191  192  194  197  194
  184  173  164  159  150  133  110   86   68   53   39   26   20   24   37   51
   60   64   66   71   77   83   88   92   98  104  106  103   99   96   93   91
   86   81   76   73   69   65   61   64   76   98  122  142  151  151  150  152
  161  171  177  181  186  195  204  205  196
    30.0-180.0 180.0   5.0 450.0                            LAT/LON1/LON2/DLON/H
  228  210  189  173  162  155  153  157  165  174  179  182  186  193  200  201
  195  185  177  169  156  133  104   76   57   45   36   28   28   37   53   67
   73   73   73   77   84   91   95  100  105  109  109  105   99   94   91   87
   81   74   67   63   59   55   53   56   70   93  121  143  156  158  157  160
  168  177  183  187  196  211  227  234  228
    27.5-180.0 180.0   5.0 450.0                            LAT/LON1/LON2/DLON/H
  282  270  254  240  226  210  194  182  177  176  176  177  180  189  198  202
  198  189  179  168  150  123   92   68   55   53   53   53   57   70   86   96
   96   89   85   89   98  105  109  111  114  115  112  104   95   89   86   82
   74   65   58   54   50   47   46   51   65   90  119  145  160  164  165  168
  177  187  195  202  216  239  265  282  282
    25.0-180.0 180.0   5.0 450.0                            LAT/LON1/LON2/DLON/H
  354  353  348  342  331  309  277  245  220  204  193  185  183  188  196  200
  195  184  171  156  134  107   81   67   70   82   93  101  109  121  133  136
  126  112  104  108  117  125  127  125  124  120  112  100   89   83   80   76
   68   59   52   48   45   43   43   50   66   92  122  149  166  172  174  179
  190  203  214  226  246  279  316  343  354
    22.5-180.0 180.0   5.0 450.0                            LAT/LON1/LON2/DLON/H
  433  445  455  464  461  438  394  343  298  263  236  216  204  201  202  200
  191  175  157  138  115   93   79   83  105  134  156  168  175  182  186  179
  160  137  125  128  139  146  146  140  134  125  111   95   83   77   75   71
   64   55   49   46   44   44   47   56   74  100  130  158  176  183  186  192
  206  223  239  256  284  325  372  411  433
    20.0-180.0 180.0   5.0 450.0                            LAT/LON1/LON2/DLON/H
  505  530  555  581  593  574  526  462  400  348  308  275  250  235  224  212
  194  171  147  124  104   91   95  120  162  204  232  242  243  242  236  219
  191  162  146  148  158  165  162  154  143  128  110   91   78   74   74   71
   64   56   51   49   48   49   55   67   88  115  145  172  190  199  202  210
  227  247  268  290  323  371  425  473  505
    17.5-180.0 180.0   5.0 450.0                            LAT/LON1/LON2/DLON/H
  557  590  628  670  698  691  646  579  508  448  398  357  322  293  269  243
  214  182  151  126  111  111  134  179  235  283  307  308  298  287  272  248
  214  181  163  164  173  178  174  164  151  132  110   90   78   76   78   75
   68   61   57   55   54   57   65   82  106  133  162  189  208  217  222  232
  251  275  298  323  358  409  467  519  557
    15.0-180.0 180.0   5.0 450.0                            LAT/LON1/LON2/DLON/H
  581  615  660  713  755  763  731  670  603  544  494  451  411  373  335  296
  254  214  178  152  143  156  195  253  313  354  365  351  327  307  287  261
  227  194  176  174  181  184  181  171  158  138  114   94   84   84   86   83
   76   68   64   62   61   64   75   97  124  152  180  206  226  238  245  256
  276  302  326  351  386  436  493  543  581
    12.5-180.0 180.0   5.0 450.0                            LAT/LON1/LON2/DLON/H
  576  605  647  703  754  777  762  718  665  616  577  541  504  463  416  366
  315  268  230  206  202  225  272  331  382  404  393  360  325  299  281  260
  232  203  185  181  183  185  182  176  164  145  122  103   95   97   99   94
   84   76   71   68   65   68   83  108  138  168  194  220  241  256  266  280
  301  327  350  373  404  449  501  545  576
    10.0-180.0 180.0   5.0 450.0                            LAT/LON1/LON2/DLON/H
  550  566  597  647  700  734  737  715  682  653  631  611  585  548  499  443
  388  340  303  281  281  306  351  399  428  423  386  336  293  270  260  249
  232  211  195  187  184  182  181  179  171  155  133  116  110  113  113  105
   92   82   77   72   68   70   86  115  148  177  203  227  250  268  283  299
  322  347  368  387  413  452  496  530  550
     7.5-180.0 180.0   5.0 450.0                            LAT/LON1/LON2/DLON/H
  514  516  530  565  612  650  669  668  657  649  648  648  639  613  569  515
  462  417  383  364  364  385  417  444  443  408  348  287  246  232  235  239
  234  221  207  194  185  180  180  181  178  165  146  130  126  128  126  114
   99   88   81   74   68   69   86  118  152  180  204  227  251  273  292  311
  335  360  379  394  415  447  483  507  514
     5.0-180.0 180.0   5.0 450.0                            LAT/LON1/LON2/DLON/H
  482  471  468  485  518  553  580  595  603  613  629  649  659  647  614  567
  521  484  457  440  437  446  459  457  426  366  292  232  201  201  219  236
  242  237  223  205  190  180  180  184  184  174  156  143  140  141  136  121
  104   91   84   76   67   68   85  118  152  179  199  221  245  269  291  314
  339  364  382  396  414  441  469  485  482
     2.5-180.0 180.0   5.0 450.0                            LAT/LON1/LON2/DLON/H
  465  447  433  432  448  473  500  523  541  560  587  619  645  649  628  591
  556  529  510  495  484  478  469  440  385  311  238  190  177  193  222  247
  259  256  242  220  198  184  182  186  188  178  163  151  149  149  142  125
  107   94   86   77   67   67   85  116  149  174  191  210  233  258  282  307
  333  359  378  393  411  436  460  472  465
