interface/IONEXdata/CODG2570.22I
     1.0            IONOSPHERE MAPS     GNSS                IONEX VERSION / TYPE
ADDNEQ2 V5.5        AIUB                18-SEP-22 23:01     PGM / RUN BY / DATE 
CODE'S GLOBAL IONOSPHERE MAPS FOR DAY 257, 2022             COMMENT             
Global ionosphere maps (GIM) are generated on a daily basis DESCRIPTION         
at CODE using data from about 300 GNSS sites of the IGS and DESCRIPTION         
other institutions. The vertical total electron content     DESCRIPTION         
(VTEC) is modeled in a solar-geomagnetic reference frame    DESCRIPTION         
using a spherical harmonics expansion up to degree and      DESCRIPTION         
order 15. Piece-wise linear functions are used for          DESCRIPTION         
representation in the time domain. The time spacing of      DESCRIPTION         
their vertices is 1 hour, conforming with the epochs of the DESCRIPTION         
VTEC maps.                                                  DESCRIPTION         
To convert line-of-sight TEC into vertical TEC, a modified  DESCRIPTION         
single-layer model mapping function approximating the JPL   DESCRIPTION         
extended slab model mapping function is adopted. The        DESCRIPTION         
mapping function is evaluated at geodetic satellite         DESCRIPTION         
elevation angles. For the computation of the ionospheric    DESCRIPTION         
pierce points, a spherical layer with a radius of 6821 km   DESCRIPTION         
is assumed, implying geocentric, not geodetic IONEX         DESCRIPTION         
latitudes.                                                  DESCRIPTION         
Instrumental biases with respect to each involved GNSS code DESCRIPTION         
observable are estimated as constant values for each        DESCRIPTION         
day. They are modeled with one set of bias parameters for   DESCRIPTION         
each satellite and each station in case of GPS and for each DESCRIPTION         
satellite-station link in case of GLONASS. The code bias    DESCRIPTION         
datum is defined by zero-mean conditions imposed on the     DESCRIPTION         
satellite bias estimates. In this file, just GPS C1W-C2W    DESCRIPTION         
satellite and station bias values are included. The         DESCRIPTION         
complete set of GNSS code bias results is provided in an    DESCRIPTION         
additional Bias-SINEX file as pseudo-absolute values        DESCRIPTION         
specific to each observable.                                DESCRIPTION         
Note: These GIM results correspond to the results for the   DESCRIPTION         
middle day of a 3-day combination analysis solving for 73   DESCRIPTION         
times 256, or 18688 VTEC parameters and 3 daily sets of     DESCRIPTION         
GNSS code bias parameters.                                  DESCRIPTION         
Contact address: code(at)aiub.unibe.ch                      DESCRIPTION         
Data archive:    ftp.aiub.unibe.ch/CODE/                    DESCRIPTION         
                 www.aiub.unibe.ch/download/CODE/           DESCRIPTION         
  2022     9    14     0     0     0                        EPOCH OF FIRST MAP  
  2022     9    15     0     0     0                        EPOCH OF LAST MAP   
  3600                                                      INTERVAL            
[...]
badg bake bako barh bndy boav bogo bogt bor1 braz brft brst COMMENT             
brux bshm cas1 ccj2 cedu chpg chpi chti chur ckis cnmr coco COMMENT             
cord cpxf crar cro1 daej darw dav1 dgar dhlg drao dubo ebre COMMENT             
faa1 fair flrs frdn func ganp glps glsv gode godz gol2 gold COMMENT             
gope gras graz guam guug harb hers hert hlfx hnlc hob2 hofn COMMENT             
holb hrao hyde ieng iisc ineg iqal irkj isba joz2 joze karr COMMENT             
kerg kir0 kiri kiru kit3 kokb kokv koug kour krgg laut lmmf COMMENT             
lpal lpgs m0se mac1 madr mal2 mana mas1 mat1 mate maw1 mcil COMMENT             
mcm4 mdo1 mdvj medi mets mgue mizu mkea mobs monp morp mqzg COMMENT             
mro1 mtka nano nico nist nklg nlib nnor not1 nrc1 nya1 nyal COMMENT             
ohi2 onsa opmt ous2 pado parc pdel pert pie1 pohn pol2 polv COMMENT             
pots pove prds ptag ptbb qaq1 quin ramo rbay reun reyk rgdg COMMENT             
rio2 riop roth samo sant savo sch2 scor scrz sctb scub seyg COMMENT             
smst sofi spt0 ssia sthl stjo stk2 str2 suth sutm sydn syog COMMENT             
tabl tabv tash thtg thti thu2 tid1 tidb tlse tong tow2 tro1 COMMENT             
tsea tskb tuva twtf uclu ufpr ulab unb3 unbj unsa urum usn7 COMMENT             
usud vald vill voim wab1 wab2 wark wgtn whit will wind wsrt COMMENT             
wtzl wtzr wtzs wtzz wuhn xmis yar2 yar3 yarr yell ykro zamb COMMENT             
zeck zim2 zim3 zimm                                         COMMENT             
                                                            END OF HEADER       
[from data line 8151]
    20                                                      START OF TEC MAP    
  2022     9    14    19     0     0                        EPOCH OF CURRENT MAP
    87.5-180.0 180.0   5.0 450.0                            LAT/LON1/LON2/DLON/H
  203  204  204  205  205  206  206  207  208  208  209  209  210  210  211  211
  211  211  211  211  211  211  211  210  210  209  209  208  207  207  206  205
  205  204  204  203  203  202  202  202  201  201  201  201  201  201  201  201
  202  202  202  202  202  202  202  202  202  202  202  202  202  202  202  202
  202  202  202  202  202  202  203  203  203
    85.0-180.0 180.0   5.0 450.0                            LAT/LON1/LON2/DLON/H
  186  187  188  190  191  193  195  197  199  201  203  205  207  209  210  211
  211  212  212  212  211  210  209  208  207  205  204  202  200  198  197  195
  193  192  191  189  188  188  187  186  186  186  186  186  187  187  188  188
  189  190  190  191  191  192  192  192  192  192  192  191  191  190  189  188
  188  187  186  186  185  185  185  186  186
    82.5-180.0 180.0   5.0 450.0                            LAT/LON1/LON2/DLON/H
  161  163  164  167  170  174  178  182  187  191  195  199  202  205  208  210
  211  211  211  211  210  209  207  205  202  200  197  194  191  188  185  182
  180  177  175  173  171  170  169  168  167  167  167  168  168  169  170  172
  173  174  176  177  178  178  179  179  178  178  177  176  175  173  171  169
  168  166  164  163  161  161  160  160  161
    80.0-180.0 180.0   5.0 450.0                            LAT/LON1/LON2/DLON/H
  134  136  139  143  148  153  160  167  174  181  188  194  199  204  207  210
  211  212  212  211  210  208  206  203  199  196  192  188  183  179  175  171
  168  164  161  158  156  153  152  150  149  149  149  149  150  151  153  155
  156  158  160  161  162  163  163  163  162  161  160  158  156  153  151  148
  145  143  140  138  136  134  134  133  134
    77.5-180.0 180.0   5.0 450.0                            LAT/LON1/LON2/DLON/H
  113  114  118  123  129  137  145  155  165  175  184  192  199  205  209  212
  214  214  214  214  212  210  208  204  200  196  191  186  180  175  170  165
  160  156  152  149  145  142  140  138  136  134  134  134  135  136  138  140
  142  144  146  147  148  148  147  146  145  143  141  138  136  133  130  128
  125  122  120  117  115  113  112  112  113
    75.0-180.0 180.0   5.0 450.0                            LAT/LON1/LON2/DLON/H
  101  103  106  111  118  127  138  150  162  174  185  195  203  209  213  216
  218  219  219  218  218  216  214  211  207  202  196  190  183  176  170  164
  159  154  150  146  142  138  134  131  128  126  124  124  124  126  128  130
  132  134  135  135  135  134  132  130  127  124  122  119  116  114  112  110
  109  107  106  104  103  102  101  101  101
    72.5-180.0 180.0   5.0 450.0                            LAT/LON1/LON2/DLON/H
  102  104  106  110  117  126  138  151  164  178  191  201  210  216  219  222
  223  224  225  226  226  226  225  223  219  213  206  198  190  182  174  168
  162  157  152  148  143  139  134  129  125  122  119  118  119  120  122  124
  126  127  127  127  125  122  118  114  110  106  103  100   98   97   97   97
   98   99  100  101  102  102  102  102  102
    70.0-180.0 180.0   5.0 450.0                            LAT/LON1/LON2/DLON/H
  114  114  116  119  124  132  143  156  171  185  198  209  217  222  225  227
  229  230  232  235  237  239  239  238  234  227  219  209  199  190  182  175
  169  164  159  154  149  143  137  131  125  120  117  116  116  117  119  121
  123  123  122  119  115  110  105   99   94   89   85   83   82   82   84   87
   91   95   99  104  108  111  113  114  114
    67.5-180.0 180.0   5.0 450.0                            LAT/LON1/LON2/DLON/H
  131  131  131  132  135  142  151  164  177  191  204  214  222  227  230  231
  233  236  239  244  249  252  254  253  248  240  231  220  209  198  190  183
  177  173  168  163  156  149  142  134  126  120  116  114  114  116  118  120
  120  119  117  112  106   99   91   84   78   73   70   68   68   70   74   79
   85   93  101  109  116  123  127  130  131
    65.0-180.0 180.0   5.0 450.0                            LAT/LON1/LON2/DLON/H
  147  147  146  146  147  151  159  170  182  195  207  217  224  229  232  234
  237  241  246  253  259  263  266  264  259  250  239  227  216  207  199  193
  188  184  179  173  165  157  147  137  128  121  116  114  113  114  116  117
  116  114  109  102   95   86   78   71   65   60   57   56   57   60   65   71
   80   89  100  111  122  132  139  144  147
    62.5-180.0 180.0   5.0 450.0                            LAT/LON1/LON2/DLON/H
  156  157  157  156  156  159  165  174  185  196  207  215  222  227  232  236
  240  246  252  260  266  271  272  269  263  254  243  232  222  215  210  205
  202  198  192  185  176  165  153  142  132  123  117  114  112  112  112  112
  110  105   99   90   82   73   66   59   54   51   49   48   49   52   57   64
   72   83   94  107  120  133  143  151  156
    60.0-180.0 180.0   5.0 450.0                            LAT/LON1/LON2/DLON/H
  155  160  161  161  162  164  170  177  186  195  204  212  219  225  231  237
  244  251  258  264  269  272  271  267  260  251  242  234  228  225  223  221
  219  215  208  199  187  174  161  148  137  128  121  116  113  111  109  106
  101   94   86   77   69   62   56   51   48   46   45   45   46   48   52   57
   64   73   83   96  110  124  137  148  155
    57.5-180.0 180.0   5.0 450.0                            LAT/LON1/LON2/DLON/H
  147  155  160  163  166  170  175  182  189  196  203  209  216  224  233  241
  249  256  262  266  268  267  264  259  252  245  239  236  235  237  239  240
  239  234  225  214  200  185  171  158  147  138  130  123  117  111  105   99
   92   84   75   66   59   54   51   49   49   48   47   47   47   48   50   52
   56   62   70   81   94  109  123  137  147
    55.0-180.0 180.0   5.0 450.0                            LAT/LON1/LON2/DLON/H
  136  147  157  164  171  178  185  191  197  202  206  211  217  227  237  248
  257  262  265  265  263  259  254  248  242  238  237  239  245  251  257  259
  258  252  242  228  213  197  183  171  160  151  142  133  123  114  105   96
   86   77   68   60   55   52   53   54   56   56   56   55   53   52   52   51
   52   54   58   66   78   92  107  122  136
    52.5-180.0 180.0   5.0 450.0                            LAT/LON1/LON2/DLON/H
  127  142  155  167  179  190  199  207  212  214  215  218  224  234  247  259
  267  269  267  262  256  249  243  238  234  234  238  246  256  266  273  275
  273  265  253  239  223  208  195  184  176  167  157  146  133  120  108   97
   86   76   68   61   59   60   63   67   70   70   69   67   65   62   59   56
   53   51   52   57   67   79   95  111  127
    50.0-180.0 180.0   5.0 450.0                            LAT/LON1/LON2/DLON/H
  125  142  159  176  192  207  219  228  232  232  230  230  236  247  261  272
  279  277  270  259  249  241  236  233  233  237  244  255  267  277  283  284
  279  270  258  244  230  216  205  196  189  182  172  159  144  129  115  103
   92   84   76   72   71   75   80   85   89   89   86   83   80   76   72   66
   61   56   55   57   65   77   92  108  125
    47.5-180.0 180.0   5.0 450.0                            LAT/LON1/LON2/DLON/H
  132  150  169  188  208  226  241  251  254  253  249  248  253  264  278  289
  292  286  273  259  247  240  237  237  240  245  254  265  275  283  285  282
  275  266  255  243  232  220  211  204  199  193  184  171  154  138  124  113
  105   99   93   90   91   95  101  107  109  108  105  101   97   93   88   82
   74   68   65   67   74   85   99  115  132
    45.0-180.0 180.0   5.0 450.0                            LAT/LON1/LON2/DLON/H
  148  165  184  204  224  244  261  272  275  273  268  266  271  283  296  306
  305  295  278  262  251  246  246  249  254  259  266  274  279  281  278  271
  263  255  248  240  232  222  213  207  202  197  189  177  162  147  135  127
  122  118  114  112  112  117  122  127  129  126  122  118  115  111  107  100
   92   85   82   84   92  103  117  132  148
    42.5-180.0 180.0   5.0 450.0                            LAT/LON1/LON2/DLON/H
  167  183  200  218  238  257  274  285  290  288  284  283  289  301  315  323
  320  306  288  271  262  260  264  268  272  275  278  279  278  274  266  256
  249  245  243  240  234  225  214  206  200  195  189  179  167  155  146  142
  140  138  135  132  131  134  139  143  143  141  137  133  131  129  125  118
  110  102  100  103  113  125  139  153  167
    40.0-180.0 180.0   5.0 450.0                            LAT/LON1/LON2/DLON/H
  186  199  213  228  245  262  278  290  296  296  295  297  304  318  332  339
  334  320  301  286  280  281  286  290  291  289  286  282  276  267  257  248
  245  246  250  251  245  233  218  204  195  190  185  178  170  162  157  156
  156  154  150  146  144  145  148  151  152  150  147  146  145  145  141  134
  125  117  115  120  131  146  160  174  186
    37.5-180.0 180.0   5.0 450.0                            LAT/LON1/LON2/DLON/H
  201  211  221  233  246  260  273  285  293  298  301  306  317  333  347  354
  350  336  320  308  304  306  309  309  305  299  292  286  278  270  262  258
  261  269  277  279  270  251  228  207  193  186  182  178  173  169  167  167
  166  164  158  151  147  146  149  153  155  155  155  156  157  157  153  146
  136  127  125  130  143  160  176  189  201
    35.0-180.0 180.0   5.0 450.0                            LAT/LON1/LON2/DLON/H
  208  216  224  232  241  251  263  275  286  295  304  315  330  347  362  369
  367  356  343  334  331  331  330  324  315  306  299  295  292  290  290  294
  304  318  327  326  309  280  247  217  197  188  185  183  181  178  176  175
  172  166  157  148  142  141  145  150  155  158  161  163  165  165  161  153
  141  132  128  134  147  165  183  197  208
    32.5-180.0 180.0   5.0 450.0                            LAT/LON1/LON2/DLON/H
  209  217  223  229  235  242  253  266  279  294  309  325  343  362  378  386
  386  380  371  363  359  354  345  333  321  313  312  317  325  334  345  360
  377  393  399  389  361  319  274  236  211  199  195  195  193  191  186  181
  173  162  151  140  134  133  138  146  154  161  167  171  172  171  165  156
  143  132  127  131  145  163  182  198  209
    30.0-180.0 180.0   5.0 450.0                            LAT/LON1/LON2/DLON/H
  207  216  222  226  231  237  248  262  279  298  319  341  362  381  397  406
  409  406  400  394  386  374  358  341  329  327  338  356  379  402  426  450
  472  485  482  458  415  360  306  262  233  218  213  212  210  205  197  186
  172  157  143  133  128  129  135  146  157  167  174  178  177  174  167  157
  144  132  125  127  139  158  178  195  207
    27.5-180.0 180.0   5.0 450.0                            LAT/LON1/LON2/DLON/H
  207  217  223  228  233  240  251  267  288  312  338  363  386  406  421  430
  435  436  433  426  414  396  374  355  346  355  380  415  453  489  523  553
  574  579  562  521  461  395  334  288  258  243  236  232  228  220  208  191
  172  155  141  132  129  131  139  151  164  176  184  186  182  175  167  157
  144  132  123  123  134  152  174  193  207
    25.0-180.0 180.0   5.0 450.0                            LAT/LON1/LON2/DLON/H
  211  222  230  236  242  251  265  284  307  335  364  393  417  436  449  459
  466  469  468  461  446  425  400  382  381  402  442  491  540  584  622  651
  666  659  623  563  489  414  352  308  282  266  257  250  243  233  217  198
  177  159  147  142  141  145  152  163  176  188  195  194  187  177  167  157
  146  134  125  123  132  151  173  194  211
    22.5-180.0 180.0   5.0 450.0                            LAT/LON1/LON2/DLON/H
  220  233  242  250  259  270  287  308  334  364  396  426  451  470  483  493
  501  506  507  501  487  466  443  430  437  469  519  575  628  671  706  728
  731  708  654  577  491  413  355  318  297  283  271  260  251  240  226  207
  187  172  165  163  165  168  172  180  191  201  205  202  191  178  167  158
  149  138  128  126  134  154  178  202  220
    20.0-180.0 180.0   5.0 450.0                            LAT/LON1/LON2/DLON/H
  234  248  259  268  279  294  313  337  364  395  428  459  486  505  519  530
  540  548  552  550  541  525  508  501  514  552  604  658  704  738  761  770
  760  721  651  561  469  393  342  316  302  289  275  261  250  242  232  219
  204  195  192  195  197  197  196  199  205  212  214  208  195  180  168  160
  152  143  133  130  139  160  187  213  234
    17.5-180.0 180.0   5.0 450.0                            LAT/LON1/LON2/DLON/H
  249  266  278  288  301  318  340  365  392  423  456  488  516  538  555  569
  582  594  603  609  609  603  594  592  607  641  686  728  758  774  780  775
  750  699  620  524  431  361  321  305  298  287  269  252  243  241  239  234
  227  224  226  230  231  226  220  215  216  219  219  211  197  181  169  161
  154  145  135  133  143  167  197  226  249
    15.0-180.0 180.0   5.0 450.0                            LAT/LON1/LON2/DLON/H
  263  282  296  308  322  341  364  389  416  444  476  509  539  566  588  607
  625  642  659  675  688  694  693  693  703  725  753  775  783  779  767  747
  712  655  573  479  392  330  300  294  292  280  259  240  233  239  247  252
  253  255  260  264  261  251  237  226  221  220  218  210  196  181  169  161
  153  143  133  132  145  171  205  237  263
    12.5-180.0 180.0   5.0 450.0                            LAT/LON1/LON2/DLON/H
  274  296  312  325  342  362  386  410  434  459  488  520  553  584  613  639
  663  687  713  743  771  789  794  790  787  790  795  793  779  757  731  701
  662  605  529  444  366  313  291  290  290  277  253  232  229  242  261  274
  281  285  289  290  282  266  246  230  221  217  213  206  194  180  168  158
  148  137  127  127  142  171  208  244  274
    10.0-180.0 180.0   5.0 450.0                            LAT/LON1/LON2/DLON/H
  280  305  325  342  360  382  406  429  450  470  495  525  559  594  629  662
  692  723  760  802  844  872  878  866  845  825  807  784  754  720  687  654
  617  568  504  432  366  321  303  302  301  284  257  236  235  255  281  299
  307  309  308  303  290  270  247  227  215  209  205  198  189  177  164  153
  141  128  118  119  135  167  207  246  280
     7.5-180.0 180.0   5.0 450.0                            LAT/LON1/LON2/DLON/H
  282  312  336  358  380  404  429  450  466  482  501  527  560  597  635  673
  708  745  790  843  895  928  932  907  868  827  790  754  717  681  650  622
  592  554  505  449  395  355  337  333  327  306  276  255  256  278  307  325
  328  324  315  303  286  263  240  221  208  200  194  189  181  171  159  147
  133  119  109  111  128  161  203  245  282
     5.0-180.0 180.0   5.0 450.0                            LAT/LON1/LON2/DLON/H
  283  317  347  374  401  429  455  475  488  499  512  532  560  595  633  671
  708  747  796  855  912  946  943  906  852  798  752  713  680  653  630  611
  591  565  531  490  446  410  388  378  366  342  311  289  290  311  336  348
  343  328  310  291  271  249  229  213  200  190  183  178  171  163  152  140
  126  112  103  106  123  157  199  243  283
     2.5-180.0 180.0   5.0 450.0                            LAT/LON1/LON2/DLON/H
  283  321  356  390  424  457  485  505  516  523  530  543  564  592  625  658
  692  729  777  836  891  920  910  865  804  747  704  674  654  641  632  623
  610  593  571  542  507  472  445  427  410  384  354  332  331  347  363  364
  347  321  294  270  250  231  216  204  193  182  173  166  161  154  144  133
  121  110  103  106  124  156  197  242  283
